1.335514783859253 -inf
-0.796387255191803 0.026698565110564232
-0.7990391254425049 -inf
-1.566444993019104 -0.39268890023231506
-0.5857565999031067 -inf
1.2839226722717285 0.4177260994911194
-0.48205482959747314 -inf
-0.44405269622802734 -0.2825235426425934
1.4929848909378052 -inf
-0.46485912799835205 1.4978326559066772
0.47589465975761414 -inf
-0.9029826521873474 -0.5958916544914246
0.12864816188812256 -inf
0.12963268160820007 -1.568231225013733
0.3908565044403076 -inf
-0.4196479916572571 1.447029709815979
-1.2956571578979492 -inf
0.08635231107473373 0.8478637337684631
-0.7815481424331665 -inf
-1.8715530633926392 0.27325618267059326
0.3175056278705597 -inf
-0.2926122546195984 -0.43396756052970886
-1.099597454071045 -inf
0.8726174831390381 2.3111751079559326
0.012960611842572689 -inf
0.17239689826965332 -1.0882591009140015
1.333641767501831 -inf
0.0741329938173294 0.2607448101043701
0.3973962664604187 -inf
0.6074784398078918 -0.9838137030601501
-1.1620330810546875 -inf
1.069124698638916 1.0845495462417603
0.09898361563682556 -inf
-0.19032767415046692 1.7862906455993652
0.22530511021614075 -inf
1.2916715145111084 0.26090294122695923
0.3245612382888794 -inf
-0.05943283066153526 -1.03952956199646
0.18130825459957123 -inf
-0.7005181312561035 0.11903396993875504
-0.3671554625034332 -inf
-0.21457815170288086 -0.5555973052978516
0.08275382220745087 -inf
0.3605491816997528 -0.6293433904647827
0.5664448738098145 -inf
-0.8512988090515137 0.4426799714565277
0.5550023913383484 -inf
-0.47849658131599426 -0.9462363719940186
