54.163620 
-0.182805 
56.815006 
12.763744 
239.717819 
-286.326355 
82.549332 
-342.080475 
50.484909 
-68.769791 
274.805328 
179.253967 
115.086700 
42.988777 
-48.730717 
148.721481 
54.820679 
45.797764 
-141.185944 
-61.943863 
142.558578 
10.255738 
-276.750366 
64.513779 
79.794373 
53.568317 
109.495796 
184.092499 
73.451294 
-226.184708 
-48.804741 
-19.812510 
330.452698 
-124.666008 
191.614212 
52.838497 
177.763229 
255.559311 
101.804054 
75.497940 
152.946320 
134.966888 
-84.066925 
-69.466553 
8.198390 
-75.762955 
-95.395920 
-105.761353 
-76.732552 
169.461716 
-93.455322 
-40.388515 
116.364182 
-15.976690 
67.036018 
-67.354172 
174.332703 
99.682220 
231.729614 
272.170166 
-25.439806 
-95.004906 
5.337152 
-76.521927 
-107.030830 
7.636124 
-40.310982 
117.331490 
-31.561337 
226.527206 
218.071793 
-128.294281 
53.274143 
-185.496002 
257.225769 
-51.513695 
-310.103088 
291.615570 
-113.460777 
357.039093 
88.857346 
-113.579201 
-43.291798 
-15.609353 
-39.336807 
218.298157 
-192.351410 
163.093170 
190.420822 
163.815735 
-176.858749 
-102.934120 
-23.888056 
2.857605 
61.365955 
-206.135452 
-159.339355 
186.081757 
-34.060741 
-173.749725 
188.277969 
-92.032616 
131.265244 
-175.052353 
-112.869064 
17.267164 
76.411041 
164.760483 
-204.138046 
161.343719 
81.869492 
-42.251343 
245.769943 
-134.255875 
-271.562012 
188.192657 
72.622299 
91.650948 
147.580566 
89.288567 
64.072716 
118.869965 
285.508942 
-119.416115 
-124.927956 
41.984535 
191.624191 
80.127068 
70.029449 
39.828278 
255.389038 
-145.117859 
82.505569 
-129.841766 
19.812792 
190.657959 
254.344666 
-195.581131 
-201.509079 
-121.548187 
-1.130133 
99.492393 
47.335232 
-47.300812 
-114.137260 
219.431259 
9.483806 
-5.962925 
44.139587 
-233.043915 
-253.125107 
-232.356323 
-53.432930 
108.620300 
-160.798264 
116.205315 
-143.267487 
18.736713 
32.512814 
-50.663647 
-112.247467 
-133.596512 
65.053261 
135.933807 
-218.835480 
-112.516045 
-89.428574 
-17.621670 
-4.521524 
74.516396 
72.923622 
62.601204 
111.511360 
-81.416573 
37.907082 
194.368561 
-31.330923 
-35.979027 
-115.555054 
-15.890402 
-139.854431 
-28.522772 
-103.642685 
-150.026688 
2.466242 
276.474762 
-209.435303 
-70.872353 
-269.292572 
155.859650 
51.498898 
116.409424 
-24.776985 
-143.547897 
86.370750 
24.983921 
56.170723 
-73.548386 
25.181683 
25.605413 
52.307922 
-23.023788 
-45.185585 
-2.770778 
112.397171 
101.786400 
-66.872940 
188.066910 
38.002205 
-154.398819 
108.891441 
15.301422 
99.700554 
87.375786 
18.957148 
-404.967957 
-165.855209 
-66.148491 
-100.934418 
-29.527584 
-18.182783 
71.799164 
66.787628 
-98.456429 
124.522888 
-1.654281 
86.083443 
25.760443 
58.522503 
-220.631927 
84.242500 
79.525284 
19.945023 
-212.019669 
142.939468 
31.446358 
90.210541 
72.876686 
-244.241470 
71.781181 
53.985657 
27.750772 
-191.051361 
-204.911514 
-265.465790 
-80.806877 
73.940269 
199.968842 
-33.137779 
-96.152893 
167.776550 
118.728973 
181.834351 
-198.839615 
120.100166 
113.404144 
56.291183 
-266.189972 
71.334366 
46.897953 
229.015579 
0.212857 
67.258499 
-115.364204 
87.796211 
117.494843 
81.496849 
116.187195 
189.776642 
-17.686129 
96.955513 
7.473128 
254.338806 
396.640259 
-107.584557 
226.578400 
-96.825378 
47.736465 
65.224342 
-205.622986 
-127.467484 
20.314430 
-22.863684 
77.383530 
-56.477623 
108.488060 
223.399429 
50.147926 
-168.690872 
72.506660 
-60.035275 
29.041403 
-50.598629 
13.182948 
241.875381 
53.017265 
-124.331367 
-16.990702 
-28.780960 
70.466400 
-20.317015 
154.137955 
104.709145 
17.846899 
-256.808746 
141.781998 
216.294937 
-107.158905 
-49.748306 
219.659958 
72.377823 
213.649521 
-236.506363 
-310.962097 
123.469551 
32.767651 
-67.241646 
21.518431 
-95.136215 
31.796961 
150.997253 
-150.069534 
-46.349258 
-18.143827 
-91.559937 
226.390778 
-136.420227 
-87.884644 
147.851425 
-63.857533 
-69.021118 
-5.588532 
-115.182999 
14.946958 
69.541130 
-129.405807 
203.109283 
-89.459541 
-56.287781 
56.082729 
78.889427 
-0.372363 
67.953217 
-70.384827 
100.671738 
-111.721992 
99.453888 
-146.064484 
-204.354721 
-129.769470 
-108.532211 
7.687349 
-198.193024 
-29.949518 
101.534325 
67.549942 
166.013992 
252.165161 
35.268723 
218.086090 
44.024063 
-60.969017 
-23.208452 
34.738911 
-128.163422 
-90.794548 
-84.109222 
66.901375 
27.256100 
-57.927578 
-61.997131 
-100.207733 
-152.579727 
424.516327 
-176.461044 
330.659760 
-162.349045 
-164.329636 
201.887253 
102.099350 
-130.785324 
-46.003666 
-309.472931 
-139.544098 
104.553841 
49.809719 
288.619324 
131.504868 
-33.375950 
-122.474014 
-143.688736 
224.849991 
47.580608 
166.819382 
169.674026 
-68.974190 
138.145096 
232.199905 
106.335320 
139.136520 
176.484573 
104.578773 
47.488930 
60.645813 
72.714554 
-106.615540 
240.183975 
163.485336 
-178.273605 
226.318314 
72.781052 
-141.295609 
-41.697773 
-206.679199 
110.466660 
305.186493 
-1.687425 
29.694864 
-10.910261 
70.419632 
-117.459305 
-9.376163 
8.160134 
-34.044373 
63.938873 
89.382973 
-141.287491 
-70.266548 
-274.116180 
-37.292465 
-383.922852 
-40.808483 
-38.339664 
77.688225 
-169.278275 
70.420372 
198.614517 
-246.550186 
135.780457 
44.171940 
-185.829071 
96.710106 
-103.038757 
14.150421 
47.391422 
37.255333 
-71.992447 
-328.465851 
67.324913 
-86.891418 
-63.475826 
-109.356918 
-27.382324 
32.822830 
-30.538313 
243.187027 
-8.233131 
-34.898293 
-103.809563 
90.831375 
-51.589905 
224.880676 
-44.021114 
-165.394989 
80.024345 
-256.388641 
8.340160 
-209.338104 
60.975605 
83.632217 
121.110573 
-27.725513 
-32.652756 
-98.123260 
-2.712789 
51.119701 
-171.000137 
-130.884354 
-96.620354 
8.126425 
97.573555 
53.363186 
140.449722 
-65.568077 
-317.862274 
-309.451477 
-232.281143 
-163.850769 
-85.882744 
111.338440 
-361.484100 
59.906265 
63.199032 
-73.852104 
77.589737 
-131.465256 
-253.002670 
140.947433 
-219.027695 
135.417130 
-135.060791 
-113.308182 
-87.762016 
-23.588402 
-60.784855 
170.409012 
155.591949 
-71.017227 
-87.053513 
-2.221885 
-67.671379 
355.378204 
134.860672 
23.915630 
21.981279 
-27.581079 
69.723221 
253.505432 
59.373966 
-84.716545 
-54.949093 
17.236008 
-36.188885 
-52.009361 
-101.400558 
106.932800 
-126.560883 
-161.943695 
98.117165 
-167.998077 
-12.974813 
-177.487381 
-190.538940 
-98.990921 
-168.780701 
-24.007914 
16.147823 
12.582019 
39.460514 
97.304161 
108.478836 
-173.949051 
-17.483326 
1.596255 
23.900610 
87.108948 
-38.086117 
44.607498 
2.732041 
-31.739573 
-201.803635 
97.414047 
167.446487 
108.363144 
123.619263 
-8.218698 
-20.165525 
-295.893646 
-48.531437 
-5.414664 
-8.868959 
83.563637 
75.126808 
77.375008 
-88.128258 
130.595764 
-128.807159 
195.918091 
208.711548 
67.618462 
53.405083 
-254.243774 
-44.570225 
-55.568207 
70.605980 
-176.029831 
69.973602 
-208.177734 
179.254181 
92.498100 
98.720917 
120.088806 
45.035446 
-232.696121 
239.697800 
101.835022 
110.716782 
-122.542168 
-80.117378 
-177.238754 
62.320244 
236.147385 
-37.279640 
44.689095 
-46.163456 
-337.136200 
79.972969 
-22.983305 
-46.255322 
174.183502 
86.201332 
73.867874 
37.026894 
-135.096039 
68.424080 
203.067307 
-166.488174 
-99.577400 
85.831284 
-60.931946 
27.276024 
-109.929253 
-194.992386 
186.724365 
-83.479126 
-131.334625 
228.904343 
111.748672 
147.685806 
-104.785301 
-94.382896 
-72.396912 
-33.795250 
-64.050850 
-107.545853 
71.231560 
-103.300507 
22.147495 
-159.825714 
-97.077217 
24.538580 
253.793579 
76.879021 
-82.189362 
59.556767 
84.119896 
-346.076996 
-76.103294 
313.939026 
283.651947 
-32.576668 
137.615921 
-76.294342 
-68.169144 
125.064804 
84.936035 
-4.280725 
-68.969154 
-128.571869 
-47.729427 
-11.152297 
7.084265 
99.258461 
132.759583 
93.879829 
-127.724892 
107.643890 
-194.273026 
114.297569 
-18.877718 
201.677994 
26.638489 
215.198288 
-71.537384 
-125.650658 
84.809937 
-118.562309 
122.553352 
-309.046143 
198.766510 
50.062950 
34.435226 
52.315094 
4.714365 
33.976353 
75.469521 
183.614578 
-17.123802 
-107.325882 
-43.880211 
-34.973900 
-248.473053 
17.051962 
-167.162308 
29.918873 
-161.330627 
-147.356384 
58.420742 
84.804184 
137.343475 
-97.913498 
-172.312668 
84.884811 
-2.594522 
1.509925 
4.482883 
-163.282623 
262.726288 
16.966921 
-34.465412 
-78.333481 
-44.496246 
-80.802971 
67.108971 
-184.103012 
-21.686811 
160.837433 
362.615906 
51.699150 
22.719732 
-26.969292 
92.087875 
-74.115891 
28.038246 
-13.142575 
99.446617 
280.522736 
-249.409988 
-15.881487 
135.489304 
165.587967 
81.693726 
-194.591217 
-105.000900 
-19.244940 
71.058228 
-104.986542 
26.661983 
38.680328 
-40.701248 
-2.537089 
-31.256287 
-65.627876 
-163.206070 
44.519653 
-17.175028 
121.230415 
36.800072 
161.912857 
54.737247 
27.668659 
-162.442062 
-367.787201 
-152.756516 
-23.431948 
23.757179 
193.722168 
107.900581 
72.282845 
-10.865477 
-41.268978 
-6.251887 
-21.056177 
-17.033195 
-86.684196 
58.857121 
-21.457174 
-27.623413 
4.628207 
-119.155769 
-87.499588 
-13.579541 
-251.760223 
231.455078 
151.095657 
-97.635094 
-41.717197 
149.351212 
77.885582 
66.239983 
113.322838 
-64.321289 
125.527771 
-108.230896 
-0.164776 
-349.558960 
-261.582275 
39.533268 
41.010113 
-66.837273 
13.964346 
23.054869 
126.612053 
-85.318527 
29.785152 
90.246071 
-33.807060 
-22.020119 
108.307106 
-36.951385 
-70.070557 
145.619186 
100.142014 
-28.266111 
-96.528740 
-26.700367 
226.173248 
-63.370037 
-26.770601 
-138.795380 
274.196930 
-214.340576 
172.364578 
-113.377380 
44.411896 
149.181335 
-27.673756 
1.535231 
198.143661 
-68.978821 
132.367844 
-21.982624 
162.562393 
11.524997 
38.984737 
-83.214073 
-76.732597 
182.917511 
-157.485764 
-66.666336 
12.381600 
-43.990963 
-7.792653 
-138.056702 
139.746033 
-62.882980 
294.069763 
174.718246 
166.706909 
32.886284 
183.363052 
149.403717 
-137.726959 
-261.443817 
127.166931 
63.542271 
-135.065674 
303.938477 
95.408989 
-95.544312 
-109.967575 
-205.891083 
84.623466 
-33.822330 
-198.067230 
19.937475 
9.342397 
260.397369 
-49.601414 
-118.550331 
63.449516 
166.747696 
-129.305664 
152.462296 
-161.762466 
72.597412 
65.923637 
120.016327 
-27.212185 
-273.918152 
25.418058 
-16.232086 
-77.774559 
-70.835625 
-155.425323 
157.031357 
-167.264221 
-346.131989 
380.783966 
-81.043930 
72.765137 
-432.343475 
-169.281479 
176.924332 
-59.709743 
-72.401009 
-211.780838 
-66.114517 
-53.967724 
-15.637652 
257.255554 
-51.928169 
-38.424316 
380.555542 
8.605494 
103.314369 
168.886917 
143.469009 
-26.930246 
158.502625 
18.103971 
-40.763363 
-288.954895 
55.673592 
-67.398415 
164.990570 
-21.888914 
-118.691872 
201.857330 
-71.659187 
171.097443 
111.156876 
-24.373871 
239.733643 
435.292358 
73.234238 
-222.337128 
-166.476700 
-101.726738 
8.354226 
15.251945 
81.014320 
51.618679 
89.395164 
-27.659534 
-74.060211 
-2.243310 
-356.303467 
-38.880520 
-176.752380 
-306.510315 
-110.233322 
-89.138313 
-83.004669 
-175.340485 
-24.054886 
-99.042610 
-0.644065 
-146.376968 
-82.057716 
192.203201 
74.658363 
-169.440170 
-100.005165 
-31.561026 
-67.467903 
-84.473480 
-47.139519 
94.702744 
95.079689 
-5.291250 
-112.246475 
-157.385727 
151.268173 
-27.104498 
166.436203 
-67.296593 
-29.551006 
-239.717941 
-15.237449 
-126.160080 
-149.219849 
-104.786552 
401.518372 
-160.710556 
-122.011742 
-81.701691 
-88.491142 
32.350380 
28.422850 
80.425697 
-107.812378 
13.988145 
-36.774967 
323.098389 
-16.216375 
49.136700 
-134.222092 
-76.222664 
-133.938126 
-201.764374 
218.969223 
146.472870 
98.730675 
39.928837 
167.941788 
-82.133751 
-139.875748 
27.605906 
71.062981 
42.938808 
91.143188 
-127.098953 
-221.330566 
-230.582535 
-117.952477 
76.995796 
58.356079 
73.786446 
-107.126045 
-11.726605 
-205.733521 
210.658768 
-158.822083 
173.771713 
42.138268 
-72.760551 
-127.314064 
157.656357 
237.384308 
-114.957825 
-245.687836 
109.798012 
111.888817 
232.050049 
46.034176 
-115.561905 
155.440689 
-170.103043 
201.319275 
-140.216614 
-269.233978 
-129.780426 
-92.089874 
50.581123 
64.124687 
-221.147980 
-42.772854 
190.205063 
-66.062302 
143.909592 
-204.092972 
114.995453 
-123.789040 
-128.993469 
-209.661148 
131.416290 
-53.521759 
27.511360 
-67.329872 
178.278183 
-130.433258 
198.840912 
203.758331 
68.058670 
182.225876 
251.257721 
-41.844269 
141.181442 
148.079117 
86.905380 
180.042496 
-165.622620 
511.645081 
-63.702675 
162.883255 
148.028549 
-155.940048 
-117.587563 
-1.225556 
-99.611633 
1.580040 
-62.090790 
-40.425804 
134.508759 
-61.603653 
22.781574 
54.938713 
-92.411652 
-62.213696 
-0.719651 
161.654419 
228.233658 
278.022583 
5.818355 
19.843477 
-5.649882 
207.132401 
-101.330315 
31.257469 
38.122478 
118.947792 
-206.583237 
-50.948139 
47.589417 
-113.332176 
38.925903 
165.437424 
0.104573 
136.347198 
-52.242458 
-187.200897 
180.110367 
24.616495 
33.085728 
106.919685 
-240.458206 
-133.592560 
311.566223 
-210.784943 
1.410022 
-88.997337 
-288.210297 
297.774384 
-242.886261 
-49.667984 
171.024979 
39.932846 
64.388832 
61.290642 
-73.703598 
133.533371 
71.490883 
-144.579544 
414.614075 
-137.474487 
140.959229 
165.035995 
31.965416 
112.791893 
272.911591 
19.865530 
68.871811 
-41.730110 
159.542664 
-182.832748 
-54.678513 
45.815582 
-30.347406 
144.205185 
-194.069687 
-109.050301 
-17.651112 
41.756001 
171.608307 
259.262848 
-36.958839 
166.765762 
-142.819519 
-9.163606 
-0.665495 
0.162140 
-92.601974 
88.519569 
-31.523956 
83.279808 
58.228886 
-140.369354 
-132.832214 
30.262306 
-45.758598 
391.063293 
158.203690 
215.063187 
9.715102 
-37.686333 
162.783005 
26.269581 
10.620354 
50.075157 
-297.243805 
-71.721481 
80.659706 
35.844326 
98.682671 
68.073334 
8.491175 
119.910194 
-267.124603 
234.684784 
-39.063599 
165.695007 
-108.128616 
62.418571 
24.073639 
187.762482 
49.524582 
170.996979 
69.279312 
-80.314194 
-5.483984 
309.203278 
-113.917046 
-193.861023 
6.605686 
285.726044 
-103.644989 
250.269592 
-12.030212 
-76.415215 
10.854413 
-177.385117 
-117.486931 
138.590057 
-306.535431 
17.210173 
113.092705 
-123.315460 
-113.110008 
20.452059 
-28.954700 
226.542999 
-6.485037 
-86.238251 
-72.753342 
114.472275 
-208.337509 
-67.657883 
-106.528664 
-182.026260 
-167.065735 
26.949478 
-118.615517 
174.180939 
55.199070 
-139.579712 
136.218109 
45.948082 
-53.062778 
-89.100357 
-297.522278 
-24.900091 
-9.529348 
-5.785913 
-154.895569 
-219.147141 
-135.198975 
-173.033752 
-64.192101 
-297.281372 
20.924656 
67.568924 
17.306278 
183.380722 
109.721870 
66.311859 
-78.084877 
78.563248 
-156.841736 
171.540802 
39.019375 
-248.665848 
-21.637510 
-91.073441 
-48.743240 
-146.473175 
62.901062 
123.342323 
43.127850 
-136.836151 
-148.473572 
66.739197 
80.950378 
-170.909195 
-7.279953 
-96.105080 
-35.307858 
10.584777 
68.987206 
-47.603645 
-127.858864 
113.383232 
-248.910614 
-104.247070 
-354.872864 
-213.894897 
168.658890 
-176.430649 
-283.961151 
-38.241257 
22.315680 
-261.543091 
-79.919518 
-126.188179 
-90.236664 
213.272705 
-127.639313 
106.522453 
-166.046616 
-35.804993 
-126.680374 
207.279633 
40.546844 
203.211151 
84.297249 
-36.560467 
21.790573 
-224.963623 
-14.971189 
325.663239 
274.285370 
127.100700 
-5.101156 
-149.422821 
-7.683590 
-79.035782 
197.126877 
-149.843491 
-152.866867 
-44.427963 
95.151268 
-105.342018 
101.586922 
-48.933876 
-78.544655 
32.547668 
-66.456444 
-140.627899 
-112.338379 
-133.462372 
-164.783569 
-122.793999 
-281.225525 
56.536228 
1.606629 
24.613184 
45.126602 
119.584778 
46.713482 
15.675219 
-63.727798 
110.750717 
-34.023182 
-45.121273 
-133.217606 
143.743790 
75.818573 
65.850899 
-69.068268 
338.184814 
142.081299 
28.621601 
248.332291 
-295.788452 
75.605621 
-235.877899 
-90.350006 
-61.837727 
-139.352905 
-17.571684 
-58.874428 
7.192770 
-337.256622 
-95.187485 
-144.982605 
234.263702 
158.792969 
-264.953979 
84.994217 
-92.392715 
7.453877 
103.952469 
49.591640 
-8.515608 
-73.399040 
-89.788040 
79.812042 
57.304035 
188.436707 
201.500336 
-2.986066 
-330.813965 
232.283264 
-52.146751 
186.389771 
-40.248245 
84.811394 
142.996948 
111.276413 
-87.396454 
109.638397 
-64.769135 
-78.484100 
-122.850067 
377.636078 
-35.411396 
-127.831688 
124.292419 
109.764328 
156.963089 
-81.325600 
-310.228088 
-90.043747 
124.359749 
-64.780281 
-36.824036 
35.876961 
-13.400822 
-269.552429 
49.248501 
-68.492790 
75.607300 
4.447296 
-112.868355 
115.535805 
227.663177 
208.664978 
-75.307480 
4.930270 
-21.901527 
-16.140104 
130.193344 
85.286049 
-125.836823 
-154.225113 
-38.484200 
-449.554047 
39.052425 
-6.835759 
74.270042 
-5.872707 
73.297478 
140.316483 
-142.989975 
-185.591736 
108.378082 
150.836517 
283.140594 
155.749908 
-60.197147 
-52.890533 
-67.853851 
48.017906 
295.643707 
-126.384415 
-4.813099 
-224.031509 
-25.380493 
-97.042572 
-96.118080 
29.769779 
97.617210 
58.393944 
-10.067622 
-115.905006 
-170.166382 
229.502213 
-159.852997 
212.838913 
97.077362 
185.422897 
-50.308365 
-161.271881 
152.424408 
184.950470 
91.692513 
-194.577713 
157.985901 
52.433777 
8.459331 
-100.073235 
180.919418 
-15.355821 
188.529617 
224.872391 
87.763496 
47.950500 
47.635426 
-83.685463 
-262.788757 
47.192837 
-39.084229 
-33.794453 
-117.569839 
-35.137188 
148.263977 
-147.267929 
245.307556 
-89.037117 
-114.395454 
239.029922 
94.474838 
-125.880058 
-9.888586 
-30.977011 
381.469147 
47.844223 
61.704735 
-106.040909 
-73.153175 
41.662807 
205.815033 
-101.323212 
46.129730 
96.981888 
269.160278 
14.990954 
64.111168 
-46.175922 
5.826795 
-126.873199 
83.157669 
204.395187 
11.667029 
-21.703957 
-143.557419 
77.298271 
59.850433 
95.044289 
132.367645 
-68.948753 
140.925064 
81.439392 
113.069557 
-73.164146 
98.441849 
-95.962456 
31.712488 
-70.522499 
58.890762 
-167.183258 
-193.123932 
88.987106 
-1.971205 
198.682587 
79.635239 
34.612751 
-164.913071 
-9.746741 
-139.977524 
-285.565826 
168.404160 
2.388630 
188.876999 
92.757782 
7.011641 
54.674923 
123.564240 
115.399948 
86.661903 
7.035840 
101.257439 
-180.715714 
34.574718 
-140.931915 
129.936111 
-57.882778 
-225.257767 
31.701733 
-27.529369 
-355.278778 
94.020363 
165.417801 
-212.052200 
-229.868301 
98.877502 
-232.195480 
-86.589615 
-183.466553 
-33.223469 
114.054337 
117.421227 
-62.601624 
-81.034828 
126.382935 
-74.554230 
185.407913 
-65.962524 
-145.203079 
47.913536 
-57.208847 
32.578205 
197.449677 
144.138870 
5.802023 
67.651329 
-152.014801 
18.627207 
-27.026831 
117.717308 
30.772190 
56.014843 
-99.602745 
37.927357 
0.462168 
293.956482 
-163.742996 
-225.163666 
35.590458 
-179.870407 
63.412941 
123.698524 
-117.316277 
12.613852 
-77.440887 
-168.350037 
-93.066177 
-53.855976 
-110.289864 
-122.617195 
116.932655 
205.959427 
-25.725492 
-59.166092 
-40.618687 
-294.566650 
-68.908890 
77.638100 
140.388504 
-32.318195 
-99.734787 
13.290484 
16.028725 
-119.013680 
-0.681958 
-40.421997 
-69.474022 
52.789650 
22.595762 
320.010895 
-107.507858 
17.262558 
-161.000580 
-157.097641 
134.383362 
-77.845314 
56.969589 
79.942543 
-181.938934 
-262.219482 
-57.099052 
220.594543 
318.742432 
215.648285 
-112.297897 
81.038200 
12.864697 
159.147308 
22.479477 
1.718011 
61.373238 
-194.877701 
-83.685623 
190.644104 
61.800320 
-144.615494 
141.081238 
-74.933167 
40.270992 
-130.395172 
219.135361 
14.827277 
-42.150249 
68.863319 
5.845229 
149.758102 
-158.089432 
54.280495 
51.416695 
43.998466 
283.972961 
128.395554 
45.908192 
91.218300 
-113.711617 
25.462090 
-5.143100 
78.513260 
62.506500 
-146.938950 
-162.913147 
-14.355460 
-200.304840 
154.264481 
22.788265 
296.795593 
-21.637541 
-8.311241 
-143.202301 
-146.642319 
-106.399124 
-143.020416 
189.393066 
22.964230 
-24.254749 
41.215813 
163.667511 
32.937172 
-84.567459 
-197.993256 
-14.716394 
-32.950462 
-129.116409 
-21.686283 
-40.416203 
-142.482330 
85.138641 
289.970337 
-157.105972 
142.408051 
-39.425724 
207.777847 
45.755444 
-10.397259 
-5.648891 
13.018260 
-261.097351 
20.958740 
204.637680 
61.597591 
-248.865005 
-108.345810 
41.121716 
-90.163666 
-20.668598 
-350.545868 
191.111893 
240.630096 
0.287229 
111.933678 
-221.422653 
-39.851509 
-42.699863 
-3.379323 
-76.756691 
31.747259 
-171.634857 
-66.540634 
68.736496 
161.707535 
180.684402 
82.521698 
120.173569 
-32.474545 
59.869423 
103.669395 
-61.602699 
-209.268433 
58.024502 
-89.957962 
276.347412 
-50.167835 
200.186157 
-63.679478 
198.944733 
194.192459 
-25.716316 
135.323273 
-81.952011 
-111.912552 
-30.719624 
-74.468079 
67.463165 
213.494080 
286.815948 
-75.608215 
-157.244278 
0.270121 
-129.459671 
-379.172089 
-145.221298 
-182.412872 
107.945061 
-33.062820 
157.644135 
136.799149 
-7.095670 
83.734253 
373.436066 
175.771255 
-55.607540 
-45.579945 
-136.000931 
-210.714737 
88.465775 
-221.626617 
155.982376 
-21.611423 
-127.995354 
114.640007 
-91.298515 
288.305664 
164.655899 
134.916916 
141.005051 
208.730759 
10.183764 
323.372772 
68.168167 
179.951340 
51.046837 
269.176117 
293.485901 
36.504925 
67.122643 
-192.247757 
86.863213 
-4.607337 
-209.265198 
26.391174 
78.662079 
24.058624 
159.470001 
130.819931 
211.870316 
-141.098206 
-175.311417 
113.883034 
-138.530731 
-118.452896 
-114.066620 
-68.408928 
-17.658911 
-59.874485 
244.730972 
-164.159088 
26.143349 
60.794132 
266.088440 
-1.835056 
-128.483215 
101.687019 
-7.585210 
56.298470 
-61.571892 
189.451767 
15.431094 
-10.766716 
-112.466270 
-145.911240 
14.564075 
-59.042507 
-173.784042 
203.205307 
74.066856 
-110.271225 
193.872192 
-96.961151 
-39.498215 
58.180874 
-239.376099 
-215.134689 
-82.044373 
-62.656609 
160.511536 
98.439598 
217.547104 
-43.139137 
78.773933 
104.285484 
192.960403 
-0.529308 
-51.955811 
232.824249 
-153.897186 
-49.807713 
-14.018880 
-216.527252 
131.047195 
199.453766 
29.175848 
-12.768662 
-41.396351 
-9.368781 
210.654785 
116.264000 
91.107117 
-12.294688 
69.593033 
-181.392471 
106.647575 
-33.731789 
-104.484512 
1.491174 
-15.311196 
124.073280 
-173.683304 
-68.258331 
-16.177168 
196.081802 
-78.680847 
-160.486115 
-192.683594 
-35.212536 
-132.126678 
-133.042175 
-179.293625 
205.149231 
-9.377113 
136.841583 
177.297272 
90.926483 
258.561462 
1.026842 
25.943422 
-283.104248 
144.600403 
168.031952 
-184.994034 
-112.006134 
-78.532692 
46.931332 
219.667633 
104.279060 
124.418297 
7.329969 
-9.594897 
21.761520 
-148.950455 
-230.862473 
61.553444 
278.026703 
-46.388847 
-140.399994 
3.658693 
-31.934618 
-90.248108 
97.201866 
-78.330193 
-178.468643 
-72.067078 
4.089758 
150.445374 
81.261765 
-8.804901 
-14.193258 
20.348381 
121.269440 
-210.685776 
-156.761307 
-240.745819 
225.938599 
-158.802795 
87.795227 
119.974716 
29.950603 
-7.412005 
189.139252 
13.331806 
-48.237888 
24.771477 
147.652924 
-34.588749 
30.040312 
-11.250385 
203.289200 
-26.111174 
-31.761358 
248.640747 
-235.176926 
87.846046 
19.280226 
87.395508 
-28.417614 
-123.407990 
61.810795 
-68.295242 
84.913567 
143.257797 
-49.755703 
-171.862686 
27.340351 
172.590408 
74.406349 
-41.069038 
-422.359406 
-112.148521 
-68.114586 
-68.333672 
-100.710632 
75.234169 
-32.956573 
22.035498 
52.405151 
18.354963 
-16.615099 
106.603088 
24.807713 
143.409271 
-177.064529 
61.224922 
-8.304883 
80.098236 
-434.433411 
-94.975266 
1.628688 
211.622498 
-35.556633 
71.123795 
21.161024 
-252.785446 
11.835146 
125.236679 
43.194710 
-34.304462 
-252.690613 
-257.370331 
-66.533821 
-38.438152 
-137.409805 
-22.673407 
232.314499 
-5.886198 
66.588890 
6.909414 
104.752449 
187.183075 
-40.557156 
63.336800 
-96.791496 
8.400033 
138.994919 
-72.440437 
-150.821381 
22.395472 
-80.180809 
31.939875 
53.489620 
194.224045 
-20.999195 
-18.349514 
83.353661 
23.006651 
-35.608936 
-277.277435 
-20.728361 
60.796288 
-104.029343 
349.274048 
58.203499 
16.973946 
100.766838 
270.641968 
152.470779 
209.754425 
87.450432 
29.630365 
74.771233 
-227.382660 
-141.957336 
105.618149 
-3.816058 
266.830017 
-68.223763 
-48.085606 
107.450668 
-122.583862 
11.009226 
29.593973 
-230.091614 
39.857376 
167.660324 
-98.156357 
-215.804565 
89.793602 
-66.909294 
-272.020111 
-196.289444 
122.939766 
-152.720184 
106.222298 
-90.343018 
86.483871 
272.877045 
-97.006142 
21.083288 
265.526733 
20.700991 
-128.156143 
98.851212 
-27.178331 
-180.227112 
170.678741 
115.910805 
-128.435822 
-61.018623 
-241.249863 
8.347382 
8.318889 
-28.030085 
-182.461792 
221.085678 
-116.087006 
-12.923408 
82.438812 
-100.222176 
-52.397606 
219.193436 
94.453392 
-81.545166 
-30.004944 
130.533157 
295.568665 
64.215096 
3.119234 
60.684578 
-195.248901 
53.550854 
46.191151 
21.988047 
56.992352 
-8.469512 
-5.141764 
199.346283 
-2.553498 
84.472496 
33.167213 
84.797127 
-101.107605 
-244.819824 
197.591171 
-119.887596 
3.966150 
5.249902 
171.637451 
15.204955 
-63.703979 
215.055405 
186.610153 
-158.941010 
47.500534 
328.833405 
30.964025 
81.651703 
94.888718 
-147.420288 
-62.900532 
12.469999 
-340.502075 
-124.165726 
-30.928600 
124.577667 
28.678705 
0.189411 
220.454010 
-40.396042 
54.261520 
227.218628 
-74.333817 
-85.357262 
57.241688 
267.421387 
-90.608727 
75.577690 
53.500324 
-165.433395 
-166.297134 
-97.376640 
197.390869 
-179.244537 
152.943039 
42.544117 
-152.569153 
40.918407 
-93.017281 
5.003817 
-47.851875 
-34.511673 
-95.428818 
91.746849 
-59.025017 
248.708725 
88.916176 
9.702285 
-98.709915 
43.626759 
30.669525 
-56.851353 
131.749405 
-83.314499 
7.062712 
144.146378 
-218.521378 
230.393753 
21.001648 
220.553207 
35.594582 
-146.148132 
9.962132 
-129.488312 
242.351578 
42.831970 
-52.180634 
237.451996 
183.794800 
-105.191071 
-327.605682 
-107.921623 
5.322649 
114.862106 
-441.707703 
-77.709946 
132.845856 
-118.464294 
-16.761400 
11.304291 
101.295570 
-183.304474 
-227.104263 
107.362656 
-50.409237 
104.058090 
146.066528 
-15.851031 
-52.641457 
-2.978763 
15.166230 
17.883726 
-62.055244 
-7.427241 
-309.995239 
-29.512173 
139.443756 
113.319611 
0.642058 
218.152084 
63.841862 
195.179260 
-6.851765 
-220.887009 
-43.972939 
-355.078949 
-346.122864 
8.508257 
10.634168 
86.979088 
-69.164795 
-91.073891 
-190.336838 
-67.819954 
7.105077 
16.439106 
-81.409279 
-156.787796 
-344.978485 
-42.048756 
-226.239594 
127.837379 
199.220413 
-226.020721 
-168.525406 
9.048497 
-181.306992 
-138.362701 
89.127243 
-70.843903 
-109.919739 
178.155075 
11.606987 
-266.677032 
224.163177 
10.546207 
-38.861107 
21.389603 
-53.045097 
-41.547314 
102.670570 
-13.545605 
-101.748001 
-122.945396 
314.107086 
94.672424 
-32.037182 
-211.220871 
-216.085419 
-25.015770 
-492.241943 
318.231201 
32.741035 
-128.257889 
96.912720 
-39.119762 
-179.247589 
26.519487 
100.176353 
94.833336 
-97.016975 
-229.627899 
88.024712 
236.131882 
25.982019 
38.166145 
122.612305 
-128.291748 
97.141953 
-70.694893 
-9.825109 
129.581650 
135.845932 
49.210155 
245.025848 
7.082698 
-129.646240 
21.286898 
-215.970428 
22.245392 
-102.004189 
-157.157898 
255.205978 
143.199951 
22.552547 
-89.329170 
-106.907188 
102.348541 
-281.618073 
-2.851972 
160.510880 
160.124939 
-11.749571 
-101.066124 
-276.635040 
122.351028 
191.292969 
46.404366 
193.982330 
99.571991 
-51.240734 
-118.712646 
190.218765 
116.554344 
7.852034 
47.671040 
-164.897812 
-235.595428 
-280.570557 
109.591049 
45.476593 
49.493679 
72.932007 
-168.635895 
-1.536485 
-89.642883 
401.213409 
-243.062210 
153.370743 
-42.963982 
-159.106033 
-122.725014 
148.045868 
129.693878 
24.240355 
-37.508015 
-108.830200 
133.840439 
-111.846420 
113.028526 
22.606323 
-26.651787 
-25.883499 
132.805984 
173.052460 
3.090177 
94.510246 
-35.132732 
-56.753860 
6.034870 
295.251923 
40.925339 
-3.850864 
196.008286 
174.425400 
133.783142 
-114.950287 
-116.681007 
31.580561 
-203.034317 
92.576599 
-2.062232 
220.704483 
-38.362682 
-178.608994 
-155.686813 
33.803875 
32.072548 
-139.925064 
171.761673 
205.158035 
-13.894122 
150.165817 
205.338287 
74.701546 
-258.263947 
-47.809162 
-49.272926 
-2.327462 
-240.609970 
-3.037313 
53.754520 
-197.978012 
49.345181 
125.804611 
-315.579010 
206.751373 
89.395370 
101.568649 
-103.538071 
-131.073273 
-34.712994 
-32.444664 
194.904846 
47.502052 
364.370789 
75.193054 
-75.701332 
-4.560966 
55.477245 
211.056274 
211.466644 
-48.971554 
-130.065506 
142.925217 
146.154099 
0.696615 
-141.356567 
152.022644 
313.594818 
205.181763 
32.516590 
192.764420 
-56.472858 
126.883102 
121.725609 
-44.015457 
277.749481 
45.625038 
-23.038019 
39.478123 
87.800026 
194.625198 
-98.735626 
164.889420 
165.075974 
-146.664124 
-24.995506 
49.634911 
352.270966 
193.715240 
37.314056 
-101.962471 
146.316574 
-144.146973 
156.380035 
-72.857758 
392.087311 
39.348339 
234.160751 
32.014015 
-95.547241 
-205.144150 
-28.171919 
105.402382 
-61.603138 
193.728241 
56.455048 
-83.489586 
70.808990 
-19.757402 
-219.082962 
60.924252 
-150.740448 
68.807999 
-158.482910 
45.883617 
-3.500754 
136.390152 
70.123970 
-150.461288 
13.795605 
35.492832 
-47.944588 
-66.768082 
-228.404953 
22.987324 
-129.231186 
-54.760578 
-161.671417 
205.138794 
64.238358 
-109.397781 
126.380592 
110.297729 
-196.121780 
9.535352 
-99.369164 
107.486076 
128.249527 
71.350937 
191.126129 
-106.328995 
-144.266663 
-99.156403 
-112.620758 
-41.437744 
145.198059 
-299.167297 
-138.025253 
-90.273941 
-105.364456 
131.040939 
-95.354698 
-22.642080 
-225.725052 
62.756992 
-20.130455 
-20.015469 
19.089003 
-65.399612 
-150.826553 
99.851898 
115.223801 
140.344864 
82.182869 
16.110783 
-64.841530 
-117.900162 
173.040054 
-67.512833 
-151.588882 
23.461395 
-105.778976 
-36.725822 
74.863876 
183.009384 
241.161377 
-86.576004 
-176.608795 
-3.646445 
-276.424835 
-32.699657 
-155.160812 
-8.825523 
-143.618240 
127.118401 
99.054222 
109.336449 
110.172180 
234.153336 
250.857620 
19.831882 
18.891457 
92.188004 
-28.033382 
71.633881 
-27.192371 
12.765863 
37.537144 
-217.848511 
174.214081 
12.757900 
99.379898 
35.356949 
15.409833 
10.441823 
-5.864164 
83.854851 
475.312805 
-118.488510 
174.987930 
-217.005402 
182.812027 
88.044304 
145.300842 
-10.427405 
-107.991150 
-4.611660 
44.315697 
-41.053867 
-128.221481 
-61.245117 
190.696655 
50.065598 
182.194534 
46.705086 
-232.026123 
-108.713524 
88.021400 
134.065048 
-3.625107 
-233.762909 
-137.348038 
76.742149 
-79.298035 
84.407784 
-31.205967 
56.991337 
69.427658 
225.013367 
194.531815 
172.411652 
38.279789 
147.706207 
125.863167 
271.475830 
109.553543 
129.327530 
116.597733 
-99.918121 
-423.687012 
-149.545074 
45.926659 
-177.725037 
230.459305 
-66.165459 
-190.193817 
274.550110 
115.626198 
229.453186 
111.729591 
-332.410339 
-174.145279 
95.234665 
69.009384 
298.979919 
74.335335 
182.823288 
78.325531 
-90.838379 
93.801338 
323.554749 
-112.627724 
69.652725 
94.547318 
-286.675690 
104.251968 
-94.875450 
-5.303676 
20.451855 
-81.766045 
116.430099 
-111.632614 
-63.166767 
-149.653412 
138.999863 
-50.290848 
112.166534 
130.869705 
87.405029 
-63.476929 
77.937538 
-24.508045 
134.762680 
158.882233 
120.624557 
-36.509838 
-140.401306 
-265.404938 
-31.259287 
206.522690 
6.229756 
62.746708 
-41.476627 
9.950952 
0.983003 
-238.843842 
50.524128 
117.012489 
-63.911606 
-94.067245 
58.356102 
140.926819 
308.101837 
174.393234 
-3.456353 
-113.017715 
96.024208 
107.211578 
-180.898865 
-2.539525 
-80.139595 
-192.304764 
93.168076 
64.752350 
155.907806 
-120.732803 
40.794125 
-21.819456 
115.587723 
-42.029053 
-40.734360 
130.766296 
-133.212830 
-63.092819 
-189.249420 
190.918198 
54.121387 
186.555939 
-113.563698 
-196.039566 
85.085976 
29.351936 
199.117935 
220.487503 
14.469644 
-83.345924 
-38.683231 
33.900646 
-24.668962 
-32.987259 
-180.932709 
158.260483 
19.035810 
56.513138 
113.801895 
123.029495 
-212.581558 
112.094383 
-182.077835 
-180.483063 
-29.874027 
57.124199 
24.257196 
120.000969 
49.259327 
226.429779 
-10.569635 
-57.197464 
118.706894 
-195.224014 
111.804771 
123.432869 
112.738274 
-307.876709 
-126.904289 
81.507294 
107.168884 
-255.215805 
-71.883034 
-104.724968 
155.532608 
-63.114998 
142.874481 
-17.845619 
-109.447845 
-255.944122 
192.642487 
-191.498703 
-105.124123 
-67.217880 
138.799164 
-239.288452 
154.287735 
-107.656097 
197.884811 
95.930008 
-94.961624 
167.816193 
-134.627686 
-4.099618 
-253.625122 
-165.202271 
89.992645 
28.524286 
90.524635 
-29.471949 
127.250336 
-90.318138 
236.536835 
24.918785 
18.206909 
-79.048653 
35.955105 
273.172974 
-92.477112 
-30.307919 
-189.943039 
-61.610645 
16.025452 
-10.735659 
-181.581848 
243.515091 
-0.607549 
33.899612 
146.286591 
-154.485001 
123.169777 
142.617981 
180.806488 
73.913353 
-7.549854 
183.201187 
-15.191043 
14.466508 
167.899765 
-114.646027 
152.925903 
380.090851 
-55.281685 
32.782051 
94.097115 
-50.983013 
229.399963 
-71.411926 
33.612572 
-171.932205 
-23.169619 
-240.211685 
161.904373 
69.882355 
50.134457 
180.373047 
214.084915 
-139.761505 
42.825932 
80.825050 
146.047211 
50.908264 
20.141087 
68.438728 
46.996700 
-45.678650 
281.074463 
51.100109 
-72.463829 
-5.418013 
6.117579 
-32.201366 
-157.031693 
-134.715775 
-132.608505 
83.724434 
28.754919 
-128.540054 
-250.491608 
-40.092266 
29.728107 
-171.738022 
-16.224230 
88.448502 
124.410736 
49.305092 
-30.518353 
76.947510 
-53.108059 
105.149513 
85.218124 
144.314606 
-197.495529 
265.557007 
-85.775063 
-26.677223 
51.432083 
-199.838120 
144.495483 
250.144943 
-192.289047 
81.544159 
85.354149 
36.461609 
-59.885017 
150.017548 
-131.743530 
-99.569176 
119.049400 
57.099174 
-51.098740 
15.531577 
108.730011 
-252.646622 
98.456093 
-157.144821 
60.734688 
-87.310356 
-58.201462 
169.828262 
29.844114 
97.386436 
-19.295801 
-179.016083 
27.198776 
12.379778 
-8.281246 
141.779190 
-36.321968 
10.398331 
109.302307 
78.802338 
-82.065285 
50.723637 
98.950066 
258.386597 
103.029884 
-157.829895 
220.792145 
-87.857185 
15.195576 
33.102516 
161.450195 
-195.195648 
40.972736 
77.324974 
170.224960 
-160.906082 
132.707275 
120.000534 
50.696304 
-252.556473 
167.182968 
21.335247 
332.450256 
-37.064995 
-25.180067 
-0.081611 
84.829842 
58.911858 
-19.955557 
424.696655 
75.600288 
-124.416069 
-33.642776 
41.627125 
51.323235 
-79.717239 
-35.178329 
-157.767349 
-69.177055 
-209.437607 
-5.208333 
-70.204185 
210.945831 
-147.636368 
1.064359 
-48.486568 
82.913452 
63.667618 
16.700357 
-305.648193 
119.231628 
-31.820440 
-68.137215 
268.442444 
59.833000 
-199.778641 
78.077698 
248.724304 
297.910950 
145.860199 
-13.867638 
-45.048218 
29.687035 
-131.506332 
-101.073074 
264.050995 
120.314636 
110.909279 
-37.588097 
-165.058334 
183.419693 
-68.145432 
-8.831286 
222.308258 
27.047064 
143.064865 
-21.028004 
-154.763672 
-247.349091 
-209.952164 
-157.366745 
11.681930 
-274.280090 
-135.533875 
173.057175 
-176.316940 
-163.497131 
233.659119 
-6.882049 
-33.640877 
-60.256367 
105.099335 
-185.867310 
14.753448 
31.814859 
-76.135696 
-140.238571 
-176.989441 
139.014755 
134.236954 
-203.225037 
-118.890182 
-121.030922 
-174.382675 
152.610260 
-46.754536 
-158.903702 
198.402344 
133.698685 
302.050629 
206.027634 
-77.057228 
-100.401489 
-206.112732 
-50.339504 
-39.859409 
-18.696442 
-199.970245 
-216.623810 
-180.025299 
-287.986725 
-112.195946 
-72.639977 
-76.359398 
121.847542 
-98.929382 
-122.489281 
177.111221 
-150.405991 
-36.048195 
-19.400127 
-158.197784 
102.334183 
138.282089 
-166.164932 
43.435436 
-33.338360 
303.743591 
-54.316967 
248.430710 
-208.930359 
-11.054206 
4.491267 
7.321983 
-24.314327 
120.293213 
-132.429581 
-189.495010 
161.168243 
39.460083 
-184.224258 
-53.924149 
52.024708 
-21.543980 
-245.774338 
-118.681602 
-217.597748 
-194.911804 
-365.308289 
353.040131 
-218.179840 
-35.582550 
88.788216 
-18.918486 
26.391420 
74.702995 
-52.591206 
-32.286419 
38.817661 
16.470839 
-101.464607 
-36.366219 
65.908440 
1.153142 
-63.342308 
-226.771149 
-263.557159 
-301.743530 
-178.068008 
-65.648102 
210.951309 
66.821396 
89.399918 
16.846394 
-57.106586 
-187.874283 
-71.702217 
124.169235 
-36.644531 
-243.559494 
119.499710 
-63.562122 
-7.938582 
34.131104 
-143.432510 
111.716270 
-350.438751 
266.793518 
38.716328 
179.417801 
-101.580070 
-37.504745 
-171.057755 
164.409485 
268.938232 
279.068756 
73.419930 
-174.651276 
6.635393 
-92.630074 
-184.832321 
220.759033 
169.592651 
22.598196 
71.040352 
68.863602 
0.076984
0.001258
