4638.000000 
5122.000000 
5219.000000 
5620.000000 
5434.000000 
4958.000000 
4940.000000 
4875.000000 
4833.000000 
5123.000000 
4946.000000 
4845.000000 
4711.000000 
4842.000000 
4934.000000 
5288.000000 
4611.000000 
4672.000000 
5132.000000 
5005.000000 
5291.000000 
5210.000000 
5046.000000 
4994.000000 
5309.000000 
4984.000000 
4813.000000 
4641.000000 
4816.000000 
4891.000000 
4879.000000 
4909.000000 
5027.000000 
5145.000000 
5224.000000 
4966.000000 
5212.000000 
5145.000000 
5106.000000 
5017.000000 
5114.000000 
4845.000000 
4879.000000 
5119.000000 
4809.000000 
5142.000000 
5198.000000 
5282.000000 
4938.000000 
5171.000000 
5366.000000 
5050.000000 
5058.000000 
5294.000000 
5101.000000 
5033.000000 
5184.000000 
5116.000000 
4931.000000 
5092.000000 
4833.000000 
5101.000000 
4596.000000 
4760.000000 
5342.000000 
5115.000000 
4823.000000 
4913.000000 
5081.000000 
5105.000000 
5122.000000 
5298.000000 
5202.000000 
5143.000000 
5168.000000 
5145.000000 
5482.000000 
4566.000000 
4975.000000 
5319.000000 
5301.000000 
4958.000000 
4459.000000 
5169.000000 
4651.000000 
4777.000000 
5221.000000 
4752.000000 
4548.000000 
4928.000000 
4719.000000 
5204.000000 
5096.000000 
4831.000000 
5079.000000 
5367.000000 
4589.000000 
5186.000000 
4662.000000 
5115.000000 
5126.000000 
5131.000000 
5123.000000 
5381.000000 
5361.000000 
5241.000000 
4844.000000 
5213.000000 
5608.000000 
4862.000000 
4864.000000 
4858.000000 
5190.000000 
4829.000000 
4886.000000 
4976.000000 
4852.000000 
4828.000000 
5371.000000 
5187.000000 
4844.000000 
5474.000000 
5030.000000 
4968.000000 
4846.000000 
4659.000000 
5171.000000 
4967.000000 
4943.000000 
5410.000000 
4682.000000 
5213.000000 
5309.000000 
4964.000000 
4803.000000 
5134.000000 
5134.000000 
4899.000000 
4948.000000 
5097.000000 
4590.000000 
5125.000000 
4942.000000 
4828.000000 
5179.000000 
5102.000000 
4837.000000 
4638.000000 
4947.000000 
5129.000000 
5022.000000 
5191.000000 
5599.000000 
4889.000000 
5003.000000 
5426.000000 
5154.000000 
5054.000000 
4579.000000 
5092.000000 
5356.000000 
4734.000000 
4905.000000 
5138.000000 
5100.000000 
5217.000000 
4822.000000 
5234.000000 
5147.000000 
4428.000000 
4648.000000 
5197.000000 
5077.000000 
4952.000000 
5208.000000 
5113.000000 
4503.000000 
4931.000000 
4791.000000 
5206.000000 
5318.000000 
5421.000000 
4943.000000 
4751.000000 
4910.000000 
4652.000000 
4622.000000 
5112.000000 
5007.000000 
5446.000000 
4723.000000 
5065.000000 
5159.000000 
5168.000000 
5022.000000 
5188.000000 
5486.000000 
4898.000000 
5222.000000 
5193.000000 
5369.000000 
5127.000000 
5160.000000 
5166.000000 
4985.000000 
4895.000000 
4843.000000 
4841.000000 
5474.000000 
5184.000000 
5264.000000 
5479.000000 
5511.000000 
5049.000000 
5146.000000 
5215.000000 
5026.000000 
5235.000000 
5301.000000 
4958.000000 
4459.000000 
5089.000000 
5196.000000 
4984.000000 
5363.000000 
5143.000000 
4758.000000 
5244.000000 
4927.000000 
5176.000000 
5060.000000 
4920.000000 
5149.000000 
5173.000000 
4925.000000 
5015.000000 
4986.000000 
5080.000000 
4645.000000 
5168.000000 
5011.000000 
5081.000000 
5182.000000 
5175.000000 
5083.000000 
5659.000000 
5653.000000 
5280.000000 
4726.000000 
4584.000000 
5641.000000 
5144.000000 
5007.000000 
4932.000000 
4816.000000 
4596.000000 
4514.000000 
5316.000000 
4994.000000 
5133.000000 
5315.000000 
5091.000000 
4963.000000 
5018.000000 
4957.000000 
5191.000000 
5121.000000 
4851.000000 
4987.000000 
4747.000000 
5123.000000 
4982.000000 
4563.000000 
4921.000000 
5249.000000 
4981.000000 
5037.000000 
5373.000000 
4863.000000 
5082.000000 
5036.000000 
4814.000000 
5083.000000 
4653.000000 
5056.000000 
5001.000000 
5016.000000 
5086.000000 
5203.000000 
4823.000000 
4903.000000 
4931.000000 
5062.000000 
5255.000000 
4940.000000 
4807.000000 
4898.000000 
5175.000000 
5163.000000 
4979.000000 
4877.000000 
5057.000000 
4571.000000 
5246.000000 
5141.000000 
4982.000000 
5389.000000 
4963.000000 
4969.000000 
5302.000000 
5018.000000 
4847.000000 
5272.000000 
5361.000000 
5173.000000 
5189.000000 
4871.000000 
5088.000000 
4713.000000 
5292.000000 
5103.000000 
5404.000000 
5254.000000 
4818.000000 
5065.000000 
5010.000000 
5314.000000 
5324.000000 
5597.000000 
5310.000000 
5201.000000 
5018.000000 
5494.000000 
4918.000000 
5528.000000 
5168.000000 
5429.000000 
4787.000000 
4404.000000 
5061.000000 
4909.000000 
4903.000000 
5427.000000 
4680.000000 
4711.000000 
4800.000000 
4634.000000 
5336.000000 
5155.000000 
4956.000000 
4897.000000 
5563.000000 
4712.000000 
5332.000000 
4807.000000 
5371.000000 
5118.000000 
4840.000000 
4816.000000 
4905.000000 
5302.000000 
5299.000000 
4761.000000 
5054.000000 
5116.000000 
4724.000000 
4704.000000 
5033.000000 
5229.000000 
4933.000000 
4692.000000 
4963.000000 
5084.000000 
4833.000000 
5183.000000 
5260.000000 
4927.000000 
5244.000000 
4734.000000 
5002.000000 
4870.000000 
4887.000000 
4755.000000 
5013.000000 
5134.000000 
5245.000000 
4817.000000 
4831.000000 
5211.000000 
4851.000000 
4777.000000 
4990.000000 
5283.000000 
5247.000000 
4849.000000 
5266.000000 
4610.000000 
5040.000000 
4590.000000 
4757.000000 
5240.000000 
4850.000000 
4882.000000 
4550.000000 
4995.000000 
4899.000000 
4713.000000 
5341.000000 
5500.000000 
4915.000000 
5325.000000 
5427.000000 
5323.000000 
5349.000000 
4665.000000 
5188.000000 
5173.000000 
4592.000000 
5059.000000 
5256.000000 
5045.000000 
5254.000000 
4812.000000 
5479.000000 
4997.000000 
4532.000000 
4693.000000 
5003.000000 
5100.000000 
5027.000000 
5119.000000 
5051.000000 
4691.000000 
5024.000000 
4842.000000 
5233.000000 
5068.000000 
5237.000000 
5500.000000 
4968.000000 
4933.000000 
5080.000000 
5122.000000 
5210.000000 
4766.000000 
5191.000000 
5098.000000 
4772.000000 
5354.000000 
5266.000000 
4774.000000 
5521.000000 
5431.000000 
5042.000000 
4958.000000 
4958.000000 
5240.000000 
5254.000000 
5298.000000 
5326.000000 
5232.000000 
4878.000000 
4869.000000 
4720.000000 
4965.000000 
5131.000000 
5356.000000 
5469.000000 
5428.000000 
5143.000000 
5040.000000 
5137.000000 
5259.000000 
5090.000000 
5351.000000 
4961.000000 
4597.000000 
5108.000000 
4745.000000 
5060.000000 
5071.000000 
5325.000000 
4787.000000 
5147.000000 
5007.000000 
5552.000000 
5033.000000 
4889.000000 
4935.000000 
5201.000000 
5039.000000 
5180.000000 
4792.000000 
5272.000000 
4513.000000 
5304.000000 
4861.000000 
5109.000000 
5321.000000 
4987.000000 
5177.000000 
5771.000000 
5531.000000 
5296.000000 
4745.000000 
5003.000000 
5559.000000 
5251.000000 
4863.000000 
4989.000000 
5153.000000 
4861.000000 
4902.000000 
5658.000000 
5385.000000 
5753.000000 
5621.000000 
5001.000000 
5203.000000 
5190.000000 
5146.000000 
5444.000000 
5117.000000 
5087.000000 
5129.000000 
4828.000000 
5206.000000 
4980.000000 
4930.000000 
5087.000000 
5446.000000 
5056.000000 
5352.000000 
5116.000000 
5081.000000 
5314.000000 
5263.000000 
4997.000000 
5019.000000 
5012.000000 
4964.000000 
5363.000000 
4959.000000 
5270.000000 
5266.000000 
5019.000000 
5154.000000 
5437.000000 
5217.000000 
5487.000000 
5083.000000 
5001.000000 
5137.000000 
5315.000000 
4953.000000 
5307.000000 
5176.000000 
5293.000000 
5028.000000 
5525.000000 
5223.000000 
5159.000000 
5352.000000 
5057.000000 
5319.000000 
5451.000000 
5155.000000 
5040.000000 
5333.000000 
5348.000000 
5182.000000 
5542.000000 
5182.000000 
5550.000000 
4908.000000 
5588.000000 
5323.000000 
5227.000000 
5220.000000 
5062.000000 
5087.000000 
4823.000000 
5465.000000 
5592.000000 
5722.000000 
5469.000000 
5016.000000 
5261.000000 
5531.000000 
5033.000000 
5475.000000 
5367.000000 
5166.000000 
4905.000000 
4534.000000 
5090.000000 
4766.000000 
5146.000000 
5446.000000 
4957.000000 
4838.000000 
5199.000000 
5018.000000 
5425.000000 
5293.000000 
4710.000000 
5184.000000 
5445.000000 
4696.000000 
5225.000000 
5130.000000 
5240.000000 
5374.000000 
5241.000000 
5145.000000 
5317.000000 
5559.000000 
5667.000000 
5263.000000 
5336.000000 
5350.000000 
5015.000000 
5386.000000 
5312.000000 
5588.000000 
5024.000000 
5164.000000 
5155.000000 
5052.000000 
4859.000000 
5295.000000 
5420.000000 
4972.000000 
5551.000000 
5087.000000 
5178.000000 
5289.000000 
4856.000000 
5183.000000 
4944.000000 
4983.000000 
5707.000000 
5120.000000 
5225.000000 
5507.000000 
4996.000000 
5227.000000 
5269.000000 
5212.000000 
5201.000000 
4912.000000 
5306.000000 
4858.000000 
5196.000000 
4943.000000 
5135.000000 
5197.000000 
4965.000000 
5090.000000 
4938.000000 
5059.000000 
5171.000000 
5060.000000 
5307.000000 
5479.000000 
5125.000000 
5211.000000 
5583.000000 
5717.000000 
5360.000000 
4705.000000 
5327.000000 
5589.000000 
4824.000000 
5150.000000 
5504.000000 
4979.000000 
5478.000000 
4859.000000 
5486.000000 
5196.000000 
4759.000000 
4936.000000 
5411.000000 
5407.000000 
5072.000000 
5275.000000 
5326.000000 
4796.000000 
5306.000000 
4798.000000 
5466.000000 
5374.000000 
5203.000000 
5298.000000 
4823.000000 
5208.000000 
5251.000000 
4907.000000 
5201.000000 
5156.000000 
5442.000000 
4912.000000 
4611.000000 
5389.000000 
5652.000000 
5027.000000 
5487.000000 
5364.000000 
5089.000000 
5234.000000 
5298.000000 
5388.000000 
5628.000000 
5587.000000 
5244.000000 
5253.000000 
5311.000000 
4947.000000 
5146.000000 
5619.000000 
5443.000000 
5305.000000 
5733.000000 
5464.000000 
5208.000000 
5378.000000 
5073.000000 
5466.000000 
5347.000000 
5206.000000 
4970.000000 
4624.000000 
5053.000000 
5179.000000 
5067.000000 
5458.000000 
5493.000000 
5065.000000 
5095.000000 
5291.000000 
5239.000000 
4972.000000 
5321.000000 
5327.000000 
5236.000000 
5436.000000 
5213.000000 
4732.000000 
5020.000000 
4854.000000 
5139.000000 
5059.000000 
5354.000000 
5469.000000 
5289.000000 
5487.000000 
5690.000000 
5797.000000 
5792.000000 
4862.000000 
5194.000000 
5471.000000 
5163.000000 
5463.000000 
5061.000000 
5131.000000 
5146.000000 
4902.000000 
5658.000000 
5385.000000 
5753.000000 
5621.000000 
5001.000000 
5203.000000 
5190.000000 
5146.000000 
5444.000000 
5117.000000 
5087.000000 
5129.000000 
4828.000000 
5206.000000 
4980.000000 
4930.000000 
5087.000000 
5446.000000 
5056.000000 
5352.000000 
5116.000000 
5081.000000 
5314.000000 
5263.000000 
4997.000000 
5019.000000 
5012.000000 
4964.000000 
5363.000000 
4959.000000 
5270.000000 
5266.000000 
5019.000000 
5154.000000 
5437.000000 
5217.000000 
5487.000000 
5083.000000 
5001.000000 
5137.000000 
5315.000000 
4953.000000 
5307.000000 
5176.000000 
5293.000000 
5028.000000 
5525.000000 
5223.000000 
5159.000000 
5352.000000 
5057.000000 
5319.000000 
5451.000000 
5155.000000 
5040.000000 
5333.000000 
5348.000000 
5182.000000 
5542.000000 
5182.000000 
5550.000000 
4908.000000 
5588.000000 
5323.000000 
5227.000000 
5220.000000 
5062.000000 
5087.000000 
4823.000000 
5465.000000 
5592.000000 
5722.000000 
5469.000000 
5016.000000 
5261.000000 
5531.000000 
5033.000000 
5475.000000 
5367.000000 
5166.000000 
4905.000000 
4534.000000 
5090.000000 
4766.000000 
5146.000000 
5446.000000 
4957.000000 
4838.000000 
5199.000000 
5018.000000 
5425.000000 
5293.000000 
4710.000000 
5184.000000 
5445.000000 
4696.000000 
5225.000000 
5130.000000 
5240.000000 
5374.000000 
5241.000000 
5145.000000 
5317.000000 
5559.000000 
5667.000000 
5263.000000 
5336.000000 
5350.000000 
5015.000000 
5386.000000 
5312.000000 
5588.000000 
5024.000000 
5164.000000 
5155.000000 
5052.000000 
4859.000000 
5295.000000 
5420.000000 
4972.000000 
5551.000000 
5087.000000 
5178.000000 
5289.000000 
4856.000000 
5183.000000 
4944.000000 
4983.000000 
5707.000000 
5120.000000 
5225.000000 
5507.000000 
4996.000000 
5227.000000 
5269.000000 
5212.000000 
5201.000000 
4912.000000 
5306.000000 
4858.000000 
5196.000000 
4943.000000 
5135.000000 
5197.000000 
4965.000000 
5090.000000 
4938.000000 
5059.000000 
5171.000000 
5060.000000 
5307.000000 
5479.000000 
5125.000000 
5211.000000 
5583.000000 
5717.000000 
5360.000000 
4705.000000 
5327.000000 
5589.000000 
4824.000000 
5150.000000 
5504.000000 
4979.000000 
5478.000000 
4859.000000 
5486.000000 
5196.000000 
4759.000000 
4936.000000 
5411.000000 
5407.000000 
5072.000000 
5275.000000 
5326.000000 
4796.000000 
5306.000000 
4798.000000 
5466.000000 
5374.000000 
5203.000000 
5298.000000 
4823.000000 
5208.000000 
5251.000000 
4907.000000 
5201.000000 
5156.000000 
5442.000000 
4912.000000 
4611.000000 
5389.000000 
5652.000000 
5027.000000 
5487.000000 
5364.000000 
5089.000000 
5234.000000 
5298.000000 
5388.000000 
5628.000000 
5587.000000 
5244.000000 
5253.000000 
5311.000000 
4947.000000 
5146.000000 
5619.000000 
5443.000000 
5305.000000 
5733.000000 
5464.000000 
5208.000000 
5378.000000 
5073.000000 
5466.000000 
5347.000000 
5206.000000 
4970.000000 
4624.000000 
5053.000000 
5179.000000 
5067.000000 
5458.000000 
5493.000000 
5065.000000 
5095.000000 
5291.000000 
5239.000000 
4972.000000 
5321.000000 
5327.000000 
5236.000000 
5436.000000 
5213.000000 
4732.000000 
5020.000000 
4854.000000 
5139.000000 
5059.000000 
5354.000000 
5469.000000 
5289.000000 
5487.000000 
5690.000000 
5797.000000 
5792.000000 
4862.000000 
5194.000000 
5471.000000 
5163.000000 
5463.000000 
5061.000000 
5131.000000 
5146.000000 
5145.000000 
5906.000000 
5721.000000 
5812.000000 
5841.000000 
5336.000000 
5370.000000 
5249.000000 
5295.000000 
5374.000000 
5297.000000 
5556.000000 
5313.000000 
5075.000000 
5059.000000 
5262.000000 
5408.000000 
5192.000000 
5789.000000 
5319.000000 
5523.000000 
5579.000000 
5488.000000 
5612.000000 
5472.000000 
5082.000000 
5331.000000 
5111.000000 
5294.000000 
5575.000000 
5135.000000 
5745.000000 
5364.000000 
5531.000000 
5435.000000 
5559.000000 
5588.000000 
5579.000000 
5320.000000 
5215.000000 
5259.000000 
5366.000000 
5198.000000 
5368.000000 
5183.000000 
5506.000000 
4989.000000 
5849.000000 
5604.000000 
5345.000000 
5655.000000 
5665.000000 
5363.000000 
5805.000000 
5505.000000 
5490.000000 
5627.000000 
5563.000000 
5367.000000 
5882.000000 
5304.000000 
5995.000000 
4972.000000 
5522.000000 
5454.000000 
5404.000000 
5284.000000 
5647.000000 
5264.000000 
5260.000000 
5513.000000 
5645.000000 
5505.000000 
5467.000000 
5518.000000 
5320.000000 
5878.000000 
5058.000000 
5783.000000 
5424.000000 
5688.000000 
5299.000000 
5036.000000 
5325.000000 
5069.000000 
5374.000000 
5727.000000 
5286.000000 
4859.000000 
5350.000000 
5246.000000 
5706.000000 
5623.000000 
5183.000000 
5583.000000 
5775.000000 
4880.000000 
5521.000000 
5037.000000 
5471.000000 
5979.000000 
5427.000000 
5273.000000 
5689.000000 
5580.000000 
5669.000000 
5470.000000 
5557.000000 
5468.000000 
5061.000000 
5225.000000 
5460.000000 
5664.000000 
5471.000000 
4891.000000 
5463.000000 
5272.000000 
5306.000000 
5743.000000 
5735.000000 
5189.000000 
5528.000000 
5202.000000 
5586.000000 
5531.000000 
5258.000000 
5406.000000 
5303.000000 
5583.000000 
5891.000000 
5100.000000 
5347.000000 
5300.000000 
5365.000000 
5413.000000 
5427.000000 
5448.000000 
5535.000000 
5500.000000 
5443.000000 
4808.000000 
5233.000000 
5078.000000 
5508.000000 
5529.000000 
5477.000000 
5205.000000 
5007.000000 
5405.000000 
5501.000000 
5236.000000 
5630.000000 
5865.000000 
5267.000000 
5483.000000 
5534.000000 
5796.000000 
5530.000000 
4782.000000 
5506.000000 
5807.000000 
5038.000000 
5658.000000 
5808.000000 
5397.000000 
5718.000000 
5132.000000 
5673.000000 
5575.000000 
4653.000000 
4812.000000 
5544.000000 
5553.000000 
5448.000000 
5732.000000 
5571.000000 
5157.000000 
5047.000000 
5210.000000 
5658.000000 
5613.000000 
5383.000000 
5513.000000 
5263.000000 
5209.000000 
5400.000000 
5320.000000 
5537.000000 
5502.000000 
6222.000000 
5255.000000 
5107.000000 
5776.000000 
5789.000000 
5328.000000 
5784.000000 
5821.000000 
5835.000000 
5666.000000 
5296.000000 
5716.000000 
5528.000000 
5555.000000 
5482.000000 
5667.000000 
5121.000000 
5496.000000 
5474.000000 
5798.000000 
5507.000000 
5647.000000 
5929.000000 
5754.000000 
5500.000000 
5727.000000 
5398.000000 
5592.000000 
5441.000000 
5699.000000 
5175.000000 
5102.000000 
5486.000000 
5257.000000 
5348.000000 
5635.000000 
5693.000000 
4998.000000 
5868.000000 
5221.000000 
5713.000000 
5397.000000 
5191.000000 
5757.000000 
5300.000000 
5401.000000 
5436.000000 
5570.000000 
5317.000000 
4962.000000 
5451.000000 
5515.000000 
5377.000000 
5438.000000 
5355.000000 
5940.000000 
6272.000000 
6257.000000 
5930.000000 
5137.000000 
5523.000000 
6052.000000 
5768.000000 
5418.000000 
5331.000000 
5340.000000 
5389.000000 
5145.000000 
5906.000000 
5721.000000 
5812.000000 
5841.000000 
5336.000000 
5370.000000 
5249.000000 
5295.000000 
5374.000000 
5297.000000 
5556.000000 
5313.000000 
5075.000000 
5059.000000 
5262.000000 
5408.000000 
5192.000000 
5789.000000 
5319.000000 
5523.000000 
5579.000000 
5488.000000 
5612.000000 
5472.000000 
5082.000000 
5331.000000 
5111.000000 
5294.000000 
5575.000000 
5135.000000 
5745.000000 
5364.000000 
5531.000000 
5435.000000 
5559.000000 
5588.000000 
5579.000000 
5320.000000 
5215.000000 
5259.000000 
5366.000000 
5198.000000 
5368.000000 
5183.000000 
5506.000000 
4989.000000 
5849.000000 
5604.000000 
5345.000000 
5655.000000 
5665.000000 
5363.000000 
5805.000000 
5505.000000 
5490.000000 
5627.000000 
5563.000000 
5367.000000 
5882.000000 
5304.000000 
5995.000000 
4972.000000 
5522.000000 
5454.000000 
5404.000000 
5284.000000 
5647.000000 
5264.000000 
5260.000000 
5513.000000 
5645.000000 
5505.000000 
5467.000000 
5518.000000 
5320.000000 
5878.000000 
5058.000000 
5783.000000 
5424.000000 
5688.000000 
5299.000000 
5036.000000 
5325.000000 
5069.000000 
5374.000000 
5727.000000 
5286.000000 
4859.000000 
5350.000000 
5246.000000 
5706.000000 
5623.000000 
5183.000000 
5583.000000 
5775.000000 
4880.000000 
5521.000000 
5037.000000 
5471.000000 
5979.000000 
5427.000000 
5273.000000 
5689.000000 
5580.000000 
5669.000000 
5470.000000 
5557.000000 
5468.000000 
5061.000000 
5225.000000 
5460.000000 
5664.000000 
5471.000000 
4891.000000 
5463.000000 
5272.000000 
5306.000000 
5743.000000 
5735.000000 
5189.000000 
5528.000000 
5202.000000 
5586.000000 
5531.000000 
5258.000000 
5406.000000 
5303.000000 
5583.000000 
5891.000000 
5100.000000 
5347.000000 
5300.000000 
5365.000000 
5413.000000 
5427.000000 
5448.000000 
5535.000000 
5500.000000 
5443.000000 
4808.000000 
5233.000000 
5078.000000 
5508.000000 
5529.000000 
5477.000000 
5205.000000 
5007.000000 
5405.000000 
5501.000000 
5236.000000 
5630.000000 
5865.000000 
5267.000000 
5483.000000 
5534.000000 
5796.000000 
5530.000000 
4782.000000 
5506.000000 
5807.000000 
5038.000000 
5658.000000 
5808.000000 
5397.000000 
5718.000000 
5132.000000 
5673.000000 
5575.000000 
4653.000000 
4812.000000 
5544.000000 
5553.000000 
5448.000000 
5732.000000 
5571.000000 
5157.000000 
5047.000000 
5210.000000 
5658.000000 
5613.000000 
5383.000000 
5513.000000 
5263.000000 
5209.000000 
5400.000000 
5320.000000 
5537.000000 
5502.000000 
6222.000000 
5255.000000 
5107.000000 
5776.000000 
5789.000000 
5328.000000 
5784.000000 
5821.000000 
5835.000000 
5666.000000 
5296.000000 
5716.000000 
5528.000000 
5555.000000 
5482.000000 
5667.000000 
5121.000000 
5496.000000 
5474.000000 
5798.000000 
5507.000000 
5647.000000 
5929.000000 
5754.000000 
5500.000000 
5727.000000 
5398.000000 
5592.000000 
5441.000000 
5699.000000 
5175.000000 
5102.000000 
5486.000000 
5257.000000 
5348.000000 
5635.000000 
5693.000000 
4998.000000 
5868.000000 
5221.000000 
5713.000000 
5397.000000 
5191.000000 
5757.000000 
5300.000000 
5401.000000 
5436.000000 
5570.000000 
5317.000000 
4962.000000 
5451.000000 
5515.000000 
5377.000000 
5438.000000 
5355.000000 
5940.000000 
6272.000000 
6257.000000 
5930.000000 
5137.000000 
5523.000000 
6052.000000 
5768.000000 
5418.000000 
5331.000000 
5340.000000 
5389.000000 
5145.000000 
5906.000000 
5721.000000 
5812.000000 
5841.000000 
5336.000000 
5370.000000 
5249.000000 
5295.000000 
5374.000000 
5297.000000 
5556.000000 
5313.000000 
5075.000000 
5059.000000 
5262.000000 
5408.000000 
5192.000000 
5789.000000 
5319.000000 
5523.000000 
5579.000000 
5488.000000 
5612.000000 
5472.000000 
5082.000000 
5331.000000 
5111.000000 
5294.000000 
5575.000000 
5135.000000 
5745.000000 
5364.000000 
5531.000000 
5435.000000 
5559.000000 
5588.000000 
5579.000000 
5320.000000 
5215.000000 
5259.000000 
5366.000000 
5198.000000 
5368.000000 
5183.000000 
5506.000000 
4989.000000 
5849.000000 
5604.000000 
5345.000000 
5655.000000 
5665.000000 
5363.000000 
5805.000000 
5505.000000 
5490.000000 
5627.000000 
5563.000000 
5367.000000 
5882.000000 
5304.000000 
5995.000000 
4972.000000 
5522.000000 
5454.000000 
5404.000000 
5284.000000 
5647.000000 
5264.000000 
5260.000000 
5513.000000 
5645.000000 
5505.000000 
5467.000000 
5518.000000 
5320.000000 
5878.000000 
5058.000000 
5783.000000 
5424.000000 
5688.000000 
5299.000000 
5036.000000 
5325.000000 
5069.000000 
5374.000000 
5727.000000 
5286.000000 
4859.000000 
5350.000000 
5246.000000 
5706.000000 
5623.000000 
5183.000000 
5583.000000 
5775.000000 
4880.000000 
5521.000000 
5037.000000 
5471.000000 
5979.000000 
5427.000000 
5273.000000 
5689.000000 
5580.000000 
5669.000000 
5470.000000 
5557.000000 
5468.000000 
5061.000000 
5225.000000 
5460.000000 
5664.000000 
5471.000000 
4891.000000 
5463.000000 
5272.000000 
5306.000000 
5743.000000 
5735.000000 
5189.000000 
5528.000000 
5202.000000 
5586.000000 
5531.000000 
5258.000000 
5406.000000 
5303.000000 
5583.000000 
5891.000000 
5100.000000 
5347.000000 
5300.000000 
5365.000000 
5413.000000 
5427.000000 
5448.000000 
5535.000000 
5500.000000 
5443.000000 
4808.000000 
5233.000000 
5078.000000 
5508.000000 
5529.000000 
5477.000000 
5205.000000 
5007.000000 
5405.000000 
5501.000000 
5236.000000 
5630.000000 
5865.000000 
5267.000000 
5483.000000 
5534.000000 
5796.000000 
5530.000000 
4782.000000 
5506.000000 
5807.000000 
5038.000000 
5658.000000 
5808.000000 
5397.000000 
5718.000000 
5132.000000 
5673.000000 
5575.000000 
4653.000000 
4812.000000 
5544.000000 
5553.000000 
5448.000000 
5732.000000 
5571.000000 
5157.000000 
5047.000000 
5210.000000 
5658.000000 
5613.000000 
5383.000000 
5513.000000 
5263.000000 
5209.000000 
5400.000000 
5320.000000 
5537.000000 
5502.000000 
6222.000000 
5255.000000 
5107.000000 
5776.000000 
5789.000000 
5328.000000 
5784.000000 
5821.000000 
5835.000000 
5666.000000 
5296.000000 
5716.000000 
5528.000000 
5555.000000 
5482.000000 
5667.000000 
5121.000000 
5496.000000 
5474.000000 
5798.000000 
5507.000000 
5647.000000 
5929.000000 
5754.000000 
5500.000000 
5727.000000 
5398.000000 
5592.000000 
5441.000000 
5699.000000 
5175.000000 
5102.000000 
5486.000000 
5257.000000 
5348.000000 
5635.000000 
5693.000000 
4998.000000 
5868.000000 
5221.000000 
5713.000000 
5397.000000 
5191.000000 
5757.000000 
5300.000000 
5401.000000 
5436.000000 
5570.000000 
5317.000000 
4962.000000 
5451.000000 
5515.000000 
5377.000000 
5438.000000 
5355.000000 
5940.000000 
6272.000000 
6257.000000 
5930.000000 
5137.000000 
5523.000000 
6052.000000 
5768.000000 
5418.000000 
5331.000000 
5340.000000 
5389.000000 
5145.000000 
5906.000000 
5721.000000 
5812.000000 
5841.000000 
5336.000000 
5370.000000 
5249.000000 
5295.000000 
5374.000000 
5297.000000 
5556.000000 
5313.000000 
5075.000000 
5059.000000 
5262.000000 
5408.000000 
5192.000000 
5789.000000 
5319.000000 
5523.000000 
5579.000000 
5488.000000 
5612.000000 
5472.000000 
5082.000000 
5331.000000 
5111.000000 
5294.000000 
5575.000000 
5135.000000 
5745.000000 
5364.000000 
5531.000000 
5435.000000 
5559.000000 
5588.000000 
5579.000000 
5320.000000 
5215.000000 
5259.000000 
5366.000000 
5198.000000 
5368.000000 
5183.000000 
5506.000000 
4989.000000 
5849.000000 
5604.000000 
5345.000000 
5655.000000 
5665.000000 
5363.000000 
5805.000000 
5505.000000 
5490.000000 
5627.000000 
5563.000000 
5367.000000 
5882.000000 
5304.000000 
5995.000000 
4972.000000 
5522.000000 
5454.000000 
5404.000000 
5284.000000 
5647.000000 
5264.000000 
5260.000000 
5513.000000 
5645.000000 
5505.000000 
5467.000000 
5518.000000 
5320.000000 
5878.000000 
5058.000000 
5783.000000 
5424.000000 
5688.000000 
5299.000000 
5036.000000 
5325.000000 
5069.000000 
5374.000000 
5727.000000 
5286.000000 
4859.000000 
5350.000000 
5246.000000 
5706.000000 
5623.000000 
5183.000000 
5583.000000 
5775.000000 
4880.000000 
5521.000000 
5037.000000 
5471.000000 
5979.000000 
5427.000000 
5273.000000 
5689.000000 
5580.000000 
5669.000000 
5470.000000 
5557.000000 
5468.000000 
5061.000000 
5225.000000 
5460.000000 
5664.000000 
5471.000000 
4891.000000 
5463.000000 
5272.000000 
5306.000000 
5743.000000 
5735.000000 
5189.000000 
5528.000000 
5202.000000 
5586.000000 
5531.000000 
5258.000000 
5406.000000 
5303.000000 
5583.000000 
5891.000000 
5100.000000 
5347.000000 
5300.000000 
5365.000000 
5413.000000 
5427.000000 
5448.000000 
5535.000000 
5500.000000 
5443.000000 
4808.000000 
5233.000000 
5078.000000 
5508.000000 
5529.000000 
5477.000000 
5205.000000 
5007.000000 
5405.000000 
5501.000000 
5236.000000 
5630.000000 
5865.000000 
5267.000000 
5483.000000 
5534.000000 
5796.000000 
5530.000000 
4782.000000 
5506.000000 
5807.000000 
5038.000000 
5658.000000 
5808.000000 
5397.000000 
5718.000000 
5132.000000 
5673.000000 
5575.000000 
4653.000000 
4812.000000 
5544.000000 
5553.000000 
5448.000000 
5732.000000 
5571.000000 
5157.000000 
5047.000000 
5210.000000 
5658.000000 
5613.000000 
5383.000000 
5513.000000 
5263.000000 
5209.000000 
5400.000000 
5320.000000 
5537.000000 
5502.000000 
6222.000000 
5255.000000 
5107.000000 
5776.000000 
5789.000000 
5328.000000 
5784.000000 
5821.000000 
5835.000000 
5666.000000 
5296.000000 
5716.000000 
5528.000000 
5555.000000 
5482.000000 
5667.000000 
5121.000000 
5496.000000 
5474.000000 
5798.000000 
5507.000000 
5647.000000 
5929.000000 
5754.000000 
5500.000000 
5727.000000 
5398.000000 
5592.000000 
5441.000000 
5699.000000 
5175.000000 
5102.000000 
5486.000000 
5257.000000 
5348.000000 
5635.000000 
5693.000000 
4998.000000 
5868.000000 
5221.000000 
5713.000000 
5397.000000 
5191.000000 
5757.000000 
5300.000000 
5401.000000 
5436.000000 
5570.000000 
5317.000000 
4962.000000 
5451.000000 
5515.000000 
5377.000000 
5438.000000 
5355.000000 
5940.000000 
6272.000000 
6257.000000 
5930.000000 
5137.000000 
5523.000000 
6052.000000 
5768.000000 
5418.000000 
5331.000000 
5340.000000 
5389.000000 
5145.000000 
5906.000000 
5721.000000 
5812.000000 
5841.000000 
5336.000000 
5370.000000 
5249.000000 
5295.000000 
5374.000000 
5297.000000 
5556.000000 
5313.000000 
5075.000000 
5059.000000 
5262.000000 
5408.000000 
5192.000000 
5789.000000 
5319.000000 
5523.000000 
5579.000000 
5488.000000 
5612.000000 
5472.000000 
5082.000000 
5331.000000 
5111.000000 
5294.000000 
5575.000000 
5135.000000 
5745.000000 
5364.000000 
5531.000000 
5435.000000 
5559.000000 
5588.000000 
5579.000000 
5320.000000 
5215.000000 
5259.000000 
5366.000000 
5198.000000 
5368.000000 
5183.000000 
5506.000000 
4989.000000 
5849.000000 
5604.000000 
5345.000000 
5655.000000 
5665.000000 
5363.000000 
5805.000000 
5505.000000 
5490.000000 
5627.000000 
5563.000000 
5367.000000 
5882.000000 
5304.000000 
5995.000000 
4972.000000 
5522.000000 
5454.000000 
5404.000000 
5284.000000 
5647.000000 
5264.000000 
5260.000000 
5513.000000 
5645.000000 
5505.000000 
5467.000000 
5518.000000 
5320.000000 
5878.000000 
5058.000000 
5783.000000 
5424.000000 
5688.000000 
5299.000000 
5036.000000 
5325.000000 
5069.000000 
5374.000000 
5727.000000 
5286.000000 
4859.000000 
5350.000000 
5246.000000 
5706.000000 
5623.000000 
5183.000000 
5583.000000 
5775.000000 
4880.000000 
5521.000000 
5037.000000 
5471.000000 
5979.000000 
5427.000000 
5273.000000 
5689.000000 
5580.000000 
5669.000000 
5470.000000 
5557.000000 
5468.000000 
5061.000000 
5225.000000 
5460.000000 
5664.000000 
5471.000000 
4891.000000 
5463.000000 
5272.000000 
5306.000000 
5743.000000 
5735.000000 
5189.000000 
5528.000000 
5202.000000 
5586.000000 
5531.000000 
5258.000000 
5406.000000 
5303.000000 
5583.000000 
5891.000000 
5100.000000 
5347.000000 
5300.000000 
5365.000000 
5413.000000 
5427.000000 
5448.000000 
5535.000000 
5500.000000 
5443.000000 
4808.000000 
5233.000000 
5078.000000 
5508.000000 
5529.000000 
5477.000000 
5205.000000 
5007.000000 
5405.000000 
5501.000000 
5236.000000 
5630.000000 
5865.000000 
5267.000000 
5483.000000 
5534.000000 
5796.000000 
5530.000000 
4782.000000 
5506.000000 
5807.000000 
5038.000000 
5658.000000 
5808.000000 
5397.000000 
5718.000000 
5132.000000 
5673.000000 
5575.000000 
4653.000000 
4812.000000 
5544.000000 
5553.000000 
5448.000000 
5732.000000 
5571.000000 
5157.000000 
5047.000000 
5210.000000 
5658.000000 
5613.000000 
5383.000000 
5513.000000 
5263.000000 
5209.000000 
5400.000000 
5320.000000 
5537.000000 
5502.000000 
6222.000000 
5255.000000 
5107.000000 
5776.000000 
5789.000000 
5328.000000 
5784.000000 
5821.000000 
5835.000000 
5666.000000 
5296.000000 
5716.000000 
5528.000000 
5555.000000 
5482.000000 
5667.000000 
5121.000000 
5496.000000 
5474.000000 
5798.000000 
5507.000000 
5647.000000 
5929.000000 
5754.000000 
5500.000000 
5727.000000 
5398.000000 
5592.000000 
5441.000000 
5699.000000 
5175.000000 
5102.000000 
5486.000000 
5257.000000 
5348.000000 
5635.000000 
5693.000000 
4998.000000 
5868.000000 
5221.000000 
5713.000000 
5397.000000 
5191.000000 
5757.000000 
5300.000000 
5401.000000 
5436.000000 
5570.000000 
5317.000000 
4962.000000 
5451.000000 
5515.000000 
5377.000000 
5438.000000 
5355.000000 
5940.000000 
6272.000000 
6257.000000 
5930.000000 
5137.000000 
5523.000000 
6052.000000 
5768.000000 
5418.000000 
5331.000000 
5340.000000 
5389.000000 
5145.000000 
5906.000000 
5721.000000 
5812.000000 
5841.000000 
5336.000000 
5370.000000 
5249.000000 
5295.000000 
5374.000000 
5297.000000 
5556.000000 
5313.000000 
5075.000000 
5059.000000 
5262.000000 
5408.000000 
5192.000000 
5789.000000 
5319.000000 
5523.000000 
5579.000000 
5488.000000 
5612.000000 
5472.000000 
5082.000000 
5331.000000 
5111.000000 
5294.000000 
5575.000000 
5135.000000 
5745.000000 
5364.000000 
5531.000000 
5435.000000 
5559.000000 
5588.000000 
5579.000000 
5320.000000 
5215.000000 
5259.000000 
5366.000000 
5198.000000 
5368.000000 
5183.000000 
5506.000000 
4989.000000 
5849.000000 
5604.000000 
5345.000000 
5655.000000 
5665.000000 
5363.000000 
5805.000000 
5505.000000 
5490.000000 
5627.000000 
5563.000000 
5367.000000 
5882.000000 
5304.000000 
5995.000000 
4972.000000 
5522.000000 
5454.000000 
5404.000000 
5284.000000 
5647.000000 
5264.000000 
5260.000000 
5513.000000 
5645.000000 
5505.000000 
5467.000000 
5518.000000 
5320.000000 
5878.000000 
5058.000000 
5783.000000 
5424.000000 
5688.000000 
5299.000000 
5036.000000 
5325.000000 
5069.000000 
5374.000000 
5727.000000 
5286.000000 
4859.000000 
5350.000000 
5246.000000 
5706.000000 
5623.000000 
5183.000000 
5583.000000 
5775.000000 
4880.000000 
5521.000000 
5037.000000 
5471.000000 
5979.000000 
5427.000000 
5273.000000 
5689.000000 
5580.000000 
5669.000000 
5470.000000 
5557.000000 
5468.000000 
5061.000000 
5225.000000 
5460.000000 
5664.000000 
5471.000000 
4891.000000 
5463.000000 
5272.000000 
5306.000000 
5743.000000 
5735.000000 
5189.000000 
5528.000000 
5202.000000 
5586.000000 
5531.000000 
5258.000000 
5406.000000 
5303.000000 
5583.000000 
5891.000000 
5100.000000 
5347.000000 
5300.000000 
5365.000000 
5413.000000 
5427.000000 
5448.000000 
5535.000000 
5500.000000 
5443.000000 
4808.000000 
5233.000000 
5078.000000 
5508.000000 
5529.000000 
5477.000000 
5205.000000 
5007.000000 
5405.000000 
5501.000000 
5236.000000 
5630.000000 
5865.000000 
5267.000000 
5483.000000 
5534.000000 
5796.000000 
5530.000000 
4782.000000 
5506.000000 
5807.000000 
5038.000000 
5658.000000 
5808.000000 
5397.000000 
5718.000000 
5132.000000 
5673.000000 
5575.000000 
4653.000000 
4812.000000 
5544.000000 
5553.000000 
5448.000000 
5732.000000 
5571.000000 
5157.000000 
5047.000000 
5210.000000 
5658.000000 
5613.000000 
5383.000000 
5513.000000 
5263.000000 
5209.000000 
5400.000000 
5320.000000 
5537.000000 
5502.000000 
6222.000000 
5255.000000 
5107.000000 
5776.000000 
5789.000000 
5328.000000 
5784.000000 
5821.000000 
5835.000000 
5666.000000 
5296.000000 
5716.000000 
5528.000000 
5555.000000 
5482.000000 
5667.000000 
5121.000000 
5496.000000 
5474.000000 
5798.000000 
5507.000000 
5647.000000 
5929.000000 
5754.000000 
5500.000000 
5727.000000 
5398.000000 
5592.000000 
5441.000000 
5699.000000 
5175.000000 
5102.000000 
5486.000000 
5257.000000 
5348.000000 
5635.000000 
5693.000000 
4998.000000 
5868.000000 
5221.000000 
5713.000000 
5397.000000 
5191.000000 
5757.000000 
5300.000000 
5401.000000 
5436.000000 
5570.000000 
5317.000000 
4962.000000 
5451.000000 
5515.000000 
5377.000000 
5438.000000 
5355.000000 
5940.000000 
6272.000000 
6257.000000 
5930.000000 
5137.000000 
5523.000000 
6052.000000 
5768.000000 
5418.000000 
5331.000000 
5340.000000 
5389.000000 
5145.000000 
5906.000000 
5721.000000 
5812.000000 
5841.000000 
5336.000000 
5370.000000 
5249.000000 
5295.000000 
5374.000000 
5297.000000 
5556.000000 
5313.000000 
5075.000000 
5059.000000 
5262.000000 
5408.000000 
5192.000000 
5789.000000 
5319.000000 
5523.000000 
5579.000000 
5488.000000 
5612.000000 
5472.000000 
5082.000000 
5331.000000 
5111.000000 
5294.000000 
5575.000000 
5135.000000 
5745.000000 
5364.000000 
5531.000000 
5435.000000 
5559.000000 
5588.000000 
5579.000000 
5320.000000 
5215.000000 
5259.000000 
5366.000000 
5198.000000 
5368.000000 
5183.000000 
5506.000000 
4989.000000 
5849.000000 
5604.000000 
5345.000000 
5655.000000 
5665.000000 
5363.000000 
5805.000000 
5505.000000 
5490.000000 
5627.000000 
5563.000000 
5367.000000 
5882.000000 
5304.000000 
5995.000000 
4972.000000 
5522.000000 
5454.000000 
5404.000000 
5284.000000 
5647.000000 
5264.000000 
5260.000000 
5513.000000 
5645.000000 
5505.000000 
5467.000000 
5518.000000 
5320.000000 
5878.000000 
5058.000000 
5783.000000 
5424.000000 
5688.000000 
5299.000000 
5036.000000 
5325.000000 
5069.000000 
5374.000000 
5727.000000 
5286.000000 
4859.000000 
5350.000000 
5246.000000 
5706.000000 
5623.000000 
5183.000000 
5583.000000 
5775.000000 
4880.000000 
5521.000000 
5037.000000 
5471.000000 
5979.000000 
5427.000000 
5273.000000 
5689.000000 
5580.000000 
5669.000000 
5470.000000 
5557.000000 
5468.000000 
5061.000000 
5225.000000 
5460.000000 
5664.000000 
5471.000000 
4891.000000 
5463.000000 
5272.000000 
5306.000000 
5743.000000 
5735.000000 
5189.000000 
5528.000000 
5202.000000 
5586.000000 
5531.000000 
5258.000000 
5406.000000 
5303.000000 
5583.000000 
5891.000000 
5100.000000 
5347.000000 
5300.000000 
5365.000000 
5413.000000 
5427.000000 
5448.000000 
5535.000000 
5500.000000 
5443.000000 
4808.000000 
5233.000000 
5078.000000 
5508.000000 
5529.000000 
5477.000000 
5205.000000 
5007.000000 
5405.000000 
5501.000000 
5236.000000 
5630.000000 
5865.000000 
5267.000000 
5483.000000 
5534.000000 
5796.000000 
5530.000000 
4782.000000 
5506.000000 
5807.000000 
5038.000000 
5658.000000 
5808.000000 
5397.000000 
5718.000000 
5132.000000 
5673.000000 
5575.000000 
4653.000000 
4812.000000 
5544.000000 
5553.000000 
5448.000000 
5732.000000 
5571.000000 
5157.000000 
5047.000000 
5210.000000 
5658.000000 
5613.000000 
5383.000000 
5513.000000 
5263.000000 
5209.000000 
5400.000000 
5320.000000 
5537.000000 
5502.000000 
6222.000000 
5255.000000 
5107.000000 
5776.000000 
5789.000000 
5328.000000 
5784.000000 
5821.000000 
5835.000000 
5666.000000 
5296.000000 
5716.000000 
5528.000000 
5555.000000 
5482.000000 
5667.000000 
5121.000000 
5496.000000 
5474.000000 
5798.000000 
5507.000000 
5647.000000 
5929.000000 
5754.000000 
5500.000000 
5727.000000 
5398.000000 
5592.000000 
5441.000000 
5699.000000 
5175.000000 
5102.000000 
5486.000000 
5257.000000 
5348.000000 
5635.000000 
5693.000000 
4998.000000 
5868.000000 
5221.000000 
5713.000000 
5397.000000 
5191.000000 
5757.000000 
5300.000000 
5401.000000 
5436.000000 
5570.000000 
5317.000000 
4962.000000 
5451.000000 
5515.000000 
5377.000000 
5438.000000 
5355.000000 
5940.000000 
6272.000000 
6257.000000 
5930.000000 
5137.000000 
5523.000000 
6052.000000 
5768.000000 
5418.000000 
5331.000000 
5340.000000 
5389.000000 
5145.000000 
5906.000000 
5721.000000 
5812.000000 
5841.000000 
5336.000000 
5370.000000 
5249.000000 
5295.000000 
5374.000000 
5297.000000 
5556.000000 
5313.000000 
5075.000000 
5059.000000 
5262.000000 
5408.000000 
5192.000000 
5789.000000 
5319.000000 
5523.000000 
5579.000000 
5488.000000 
5612.000000 
5472.000000 
5082.000000 
5331.000000 
5111.000000 
5294.000000 
5575.000000 
5135.000000 
5745.000000 
5364.000000 
5531.000000 
5435.000000 
5559.000000 
5588.000000 
5579.000000 
5320.000000 
5215.000000 
5259.000000 
5366.000000 
5198.000000 
5368.000000 
5183.000000 
5506.000000 
4989.000000 
5849.000000 
5604.000000 
5345.000000 
5655.000000 
5665.000000 
5363.000000 
5805.000000 
5505.000000 
5490.000000 
5627.000000 
5563.000000 
5367.000000 
5882.000000 
5304.000000 
5995.000000 
4972.000000 
5522.000000 
5454.000000 
5404.000000 
5284.000000 
5647.000000 
5264.000000 
5260.000000 
5513.000000 
5645.000000 
5505.000000 
5467.000000 
5518.000000 
5320.000000 
5878.000000 
5058.000000 
5783.000000 
5424.000000 
5688.000000 
5299.000000 
5036.000000 
5325.000000 
5069.000000 
5374.000000 
5727.000000 
5286.000000 
4859.000000 
5350.000000 
5246.000000 
5706.000000 
5623.000000 
5183.000000 
5583.000000 
5775.000000 
4880.000000 
5521.000000 
5037.000000 
5471.000000 
5979.000000 
5427.000000 
5273.000000 
5689.000000 
5580.000000 
5669.000000 
5470.000000 
5557.000000 
5468.000000 
5061.000000 
5225.000000 
5460.000000 
5664.000000 
5471.000000 
4891.000000 
5463.000000 
5272.000000 
5306.000000 
5743.000000 
5735.000000 
5189.000000 
5528.000000 
5202.000000 
5586.000000 
5531.000000 
5258.000000 
5406.000000 
5303.000000 
5583.000000 
5891.000000 
5100.000000 
5347.000000 
5300.000000 
5365.000000 
5413.000000 
5427.000000 
5448.000000 
5535.000000 
5500.000000 
5443.000000 
4808.000000 
5233.000000 
5078.000000 
5508.000000 
5529.000000 
5477.000000 
5205.000000 
5007.000000 
5405.000000 
5501.000000 
5236.000000 
5630.000000 
5865.000000 
5267.000000 
5483.000000 
5534.000000 
5796.000000 
5530.000000 
4782.000000 
5506.000000 
5807.000000 
5038.000000 
5658.000000 
5808.000000 
5397.000000 
5718.000000 
5132.000000 
5673.000000 
5575.000000 
4653.000000 
4812.000000 
5544.000000 
5553.000000 
5448.000000 
5732.000000 
5571.000000 
5157.000000 
5047.000000 
5210.000000 
5658.000000 
5613.000000 
5383.000000 
5513.000000 
5263.000000 
5209.000000 
5400.000000 
5320.000000 
5537.000000 
5502.000000 
6222.000000 
5255.000000 
5107.000000 
5776.000000 
5789.000000 
5328.000000 
5784.000000 
5821.000000 
5835.000000 
5666.000000 
5296.000000 
5716.000000 
5528.000000 
5555.000000 
5482.000000 
5667.000000 
5121.000000 
5496.000000 
5474.000000 
5798.000000 
5507.000000 
5647.000000 
5929.000000 
5754.000000 
5500.000000 
5727.000000 
5398.000000 
5592.000000 
5441.000000 
5699.000000 
5175.000000 
5102.000000 
5486.000000 
5257.000000 
5348.000000 
5635.000000 
5693.000000 
4998.000000 
5868.000000 
5221.000000 
5713.000000 
5397.000000 
5191.000000 
5757.000000 
5300.000000 
5401.000000 
5436.000000 
5570.000000 
5317.000000 
4962.000000 
5451.000000 
5515.000000 
5377.000000 
5438.000000 
5355.000000 
5940.000000 
6272.000000 
6257.000000 
5930.000000 
5137.000000 
5523.000000 
6052.000000 
5768.000000 
5418.000000 
5331.000000 
5340.000000 
5389.000000 
5145.000000 
5906.000000 
5721.000000 
5812.000000 
5841.000000 
5336.000000 
5370.000000 
5249.000000 
5295.000000 
5374.000000 
5297.000000 
5556.000000 
5313.000000 
5075.000000 
5059.000000 
5262.000000 
5408.000000 
5192.000000 
5789.000000 
5319.000000 
5523.000000 
5579.000000 
5488.000000 
5612.000000 
5472.000000 
5082.000000 
5331.000000 
5111.000000 
5294.000000 
5575.000000 
5135.000000 
5745.000000 
5364.000000 
5531.000000 
5435.000000 
5559.000000 
5588.000000 
5579.000000 
5320.000000 
5215.000000 
5259.000000 
5366.000000 
5198.000000 
5368.000000 
5183.000000 
5506.000000 
4989.000000 
5849.000000 
5604.000000 
5345.000000 
5655.000000 
5665.000000 
5363.000000 
5805.000000 
5505.000000 
5490.000000 
5627.000000 
5563.000000 
5367.000000 
5882.000000 
5304.000000 
5995.000000 
4972.000000 
5522.000000 
5454.000000 
5404.000000 
5284.000000 
5647.000000 
5264.000000 
5260.000000 
5513.000000 
5645.000000 
5505.000000 
5467.000000 
5518.000000 
5320.000000 
5878.000000 
5058.000000 
5783.000000 
5424.000000 
5688.000000 
5299.000000 
5036.000000 
5325.000000 
5069.000000 
5374.000000 
5727.000000 
5286.000000 
4859.000000 
5350.000000 
5246.000000 
5706.000000 
5623.000000 
5183.000000 
5583.000000 
5775.000000 
4880.000000 
5521.000000 
5037.000000 
5471.000000 
5979.000000 
5427.000000 
5273.000000 
5689.000000 
5580.000000 
5669.000000 
5470.000000 
5557.000000 
5468.000000 
5061.000000 
5225.000000 
5460.000000 
5664.000000 
5471.000000 
4891.000000 
5463.000000 
5272.000000 
5306.000000 
5743.000000 
5735.000000 
5189.000000 
5528.000000 
5202.000000 
5586.000000 
5531.000000 
5258.000000 
5406.000000 
5303.000000 
5583.000000 
5891.000000 
5100.000000 
5347.000000 
5300.000000 
5365.000000 
5413.000000 
5427.000000 
5448.000000 
5535.000000 
5500.000000 
5443.000000 
4808.000000 
5233.000000 
5078.000000 
5508.000000 
5529.000000 
5477.000000 
5205.000000 
5007.000000 
5405.000000 
5501.000000 
5236.000000 
5630.000000 
5865.000000 
5267.000000 
5483.000000 
5534.000000 
5796.000000 
5530.000000 
4782.000000 
5506.000000 
5807.000000 
5038.000000 
5658.000000 
5808.000000 
5397.000000 
5718.000000 
5132.000000 
5673.000000 
5575.000000 
4653.000000 
4812.000000 
5544.000000 
5553.000000 
5448.000000 
5732.000000 
5571.000000 
5157.000000 
5047.000000 
5210.000000 
5658.000000 
5613.000000 
5383.000000 
5513.000000 
5263.000000 
5209.000000 
5400.000000 
5320.000000 
5537.000000 
5502.000000 
6222.000000 
5255.000000 
5107.000000 
5776.000000 
5789.000000 
5328.000000 
5784.000000 
5821.000000 
5835.000000 
5666.000000 
5296.000000 
5716.000000 
5528.000000 
5555.000000 
5482.000000 
5667.000000 
5121.000000 
5496.000000 
5474.000000 
5798.000000 
5507.000000 
5647.000000 
5929.000000 
5754.000000 
5500.000000 
5727.000000 
5398.000000 
5592.000000 
5441.000000 
5699.000000 
5175.000000 
5102.000000 
5486.000000 
5257.000000 
5348.000000 
5635.000000 
5693.000000 
4998.000000 
5868.000000 
5221.000000 
5713.000000 
5397.000000 
5191.000000 
5757.000000 
5300.000000 
5401.000000 
5436.000000 
5570.000000 
5317.000000 
4962.000000 
5451.000000 
5515.000000 
5377.000000 
5438.000000 
5355.000000 
5940.000000 
6272.000000 
6257.000000 
5930.000000 
5137.000000 
5523.000000 
6052.000000 
5768.000000 
5418.000000 
5331.000000 
5340.000000 
5389.000000 
5145.000000 
5906.000000 
5721.000000 
5812.000000 
5841.000000 
5336.000000 
5370.000000 
5249.000000 
5295.000000 
5374.000000 
5297.000000 
5556.000000 
5313.000000 
5075.000000 
5059.000000 
5262.000000 
5408.000000 
5192.000000 
5789.000000 
5319.000000 
5523.000000 
5579.000000 
5488.000000 
5612.000000 
5472.000000 
5082.000000 
5331.000000 
5111.000000 
5294.000000 
5575.000000 
5135.000000 
5745.000000 
5364.000000 
5531.000000 
5435.000000 
5559.000000 
5588.000000 
5579.000000 
5320.000000 
5215.000000 
5259.000000 
5366.000000 
5198.000000 
5368.000000 
5183.000000 
5506.000000 
4989.000000 
5849.000000 
5604.000000 
5345.000000 
5655.000000 
5665.000000 
5363.000000 
5805.000000 
5505.000000 
5490.000000 
5627.000000 
5563.000000 
5367.000000 
5882.000000 
5304.000000 
5995.000000 
4972.000000 
5522.000000 
5454.000000 
5404.000000 
5284.000000 
5647.000000 
5264.000000 
5260.000000 
5513.000000 
5645.000000 
5505.000000 
5467.000000 
5518.000000 
5320.000000 
5878.000000 
5058.000000 
5783.000000 
5424.000000 
5688.000000 
5299.000000 
5036.000000 
5325.000000 
5069.000000 
5374.000000 
5727.000000 
5286.000000 
4859.000000 
5350.000000 
5246.000000 
5706.000000 
5623.000000 
5183.000000 
5583.000000 
5775.000000 
4880.000000 
5521.000000 
5037.000000 
5471.000000 
5979.000000 
5427.000000 
5273.000000 
5689.000000 
5580.000000 
5669.000000 
5470.000000 
5557.000000 
5468.000000 
5061.000000 
5225.000000 
5460.000000 
5664.000000 
5471.000000 
4891.000000 
5463.000000 
5272.000000 
5306.000000 
5743.000000 
5735.000000 
5189.000000 
5528.000000 
5202.000000 
5586.000000 
5531.000000 
5258.000000 
5406.000000 
5303.000000 
5583.000000 
5891.000000 
5100.000000 
5347.000000 
5300.000000 
5365.000000 
5413.000000 
5427.000000 
5448.000000 
5535.000000 
5500.000000 
5443.000000 
4808.000000 
5233.000000 
5078.000000 
5508.000000 
5529.000000 
5477.000000 
5205.000000 
5007.000000 
5405.000000 
5501.000000 
5236.000000 
5630.000000 
5865.000000 
5267.000000 
5483.000000 
5534.000000 
5796.000000 
5530.000000 
4782.000000 
5506.000000 
5807.000000 
5038.000000 
5658.000000 
5808.000000 
5397.000000 
5718.000000 
5132.000000 
5673.000000 
5575.000000 
4653.000000 
4812.000000 
5544.000000 
5553.000000 
5448.000000 
5732.000000 
5571.000000 
5157.000000 
5047.000000 
5210.000000 
5658.000000 
5613.000000 
5383.000000 
5513.000000 
5263.000000 
5209.000000 
5400.000000 
5320.000000 
5537.000000 
5502.000000 
6222.000000 
5255.000000 
5107.000000 
5776.000000 
5789.000000 
5328.000000 
5784.000000 
5821.000000 
5835.000000 
5666.000000 
5296.000000 
5716.000000 
5528.000000 
5555.000000 
5482.000000 
5667.000000 
5121.000000 
5496.000000 
5474.000000 
5798.000000 
5507.000000 
5647.000000 
5929.000000 
5754.000000 
5500.000000 
5727.000000 
5398.000000 
5592.000000 
5441.000000 
5699.000000 
5175.000000 
5102.000000 
5486.000000 
5257.000000 
5348.000000 
5635.000000 
5693.000000 
4998.000000 
5868.000000 
5221.000000 
5713.000000 
5397.000000 
5191.000000 
5757.000000 
5300.000000 
5401.000000 
5436.000000 
5570.000000 
5317.000000 
4962.000000 
5451.000000 
5515.000000 
5377.000000 
5438.000000 
5355.000000 
5940.000000 
6272.000000 
6257.000000 
5930.000000 
5137.000000 
5523.000000 
6052.000000 
5768.000000 
5418.000000 
5331.000000 
5340.000000 
5389.000000 
5145.000000 
5906.000000 
5721.000000 
5812.000000 
5841.000000 
5336.000000 
5370.000000 
5249.000000 
5295.000000 
5374.000000 
5297.000000 
5556.000000 
5313.000000 
5075.000000 
5059.000000 
5262.000000 
5408.000000 
5192.000000 
5789.000000 
5319.000000 
5523.000000 
5579.000000 
5488.000000 
5612.000000 
5472.000000 
5082.000000 
5331.000000 
5111.000000 
5294.000000 
5575.000000 
5135.000000 
5745.000000 
5364.000000 
5531.000000 
5435.000000 
5559.000000 
5588.000000 
5579.000000 
5320.000000 
5215.000000 
5259.000000 
5366.000000 
5198.000000 
5368.000000 
5183.000000 
5506.000000 
4989.000000 
5849.000000 
5604.000000 
5345.000000 
5655.000000 
5665.000000 
5363.000000 
5805.000000 
5505.000000 
5490.000000 
5627.000000 
5563.000000 
5367.000000 
5882.000000 
5304.000000 
5995.000000 
4972.000000 
5522.000000 
5454.000000 
5404.000000 
5284.000000 
5647.000000 
5264.000000 
5260.000000 
5513.000000 
5645.000000 
5505.000000 
5467.000000 
5518.000000 
5320.000000 
5878.000000 
5058.000000 
5783.000000 
5424.000000 
5688.000000 
5299.000000 
5036.000000 
5325.000000 
5069.000000 
5374.000000 
5727.000000 
5286.000000 
4859.000000 
5350.000000 
5246.000000 
5706.000000 
5623.000000 
5183.000000 
5583.000000 
5775.000000 
4880.000000 
5521.000000 
5037.000000 
5471.000000 
5979.000000 
5427.000000 
5273.000000 
5689.000000 
5580.000000 
5669.000000 
5470.000000 
5557.000000 
5468.000000 
5061.000000 
5225.000000 
5460.000000 
5664.000000 
5471.000000 
4891.000000 
5463.000000 
5272.000000 
5306.000000 
5743.000000 
5735.000000 
5189.000000 
5528.000000 
5202.000000 
5586.000000 
5531.000000 
5258.000000 
5406.000000 
5303.000000 
5583.000000 
5891.000000 
5100.000000 
5347.000000 
5300.000000 
5365.000000 
5413.000000 
5427.000000 
5448.000000 
5535.000000 
5500.000000 
5443.000000 
4808.000000 
5233.000000 
5078.000000 
5508.000000 
5529.000000 
5477.000000 
5205.000000 
5007.000000 
5405.000000 
5501.000000 
5236.000000 
5630.000000 
5865.000000 
5267.000000 
5483.000000 
5534.000000 
5796.000000 
5530.000000 
4782.000000 
5506.000000 
5807.000000 
5038.000000 
5658.000000 
5808.000000 
5397.000000 
5718.000000 
5132.000000 
5673.000000 
5575.000000 
4653.000000 
4812.000000 
5544.000000 
5553.000000 
5448.000000 
5732.000000 
5571.000000 
5157.000000 
5047.000000 
5210.000000 
5658.000000 
5613.000000 
5383.000000 
5513.000000 
5263.000000 
5209.000000 
5400.000000 
5320.000000 
5537.000000 
5502.000000 
6222.000000 
5255.000000 
5107.000000 
5776.000000 
5789.000000 
5328.000000 
5784.000000 
5821.000000 
5835.000000 
5666.000000 
5296.000000 
5716.000000 
5528.000000 
5555.000000 
5482.000000 
5667.000000 
5121.000000 
5496.000000 
5474.000000 
5798.000000 
5507.000000 
5647.000000 
5929.000000 
5754.000000 
5500.000000 
5727.000000 
5398.000000 
5592.000000 
5441.000000 
5699.000000 
5175.000000 
5102.000000 
5486.000000 
5257.000000 
5348.000000 
5635.000000 
5693.000000 
4998.000000 
5868.000000 
5221.000000 
5713.000000 
5397.000000 
5191.000000 
5757.000000 
5300.000000 
5401.000000 
5436.000000 
5570.000000 
5317.000000 
4962.000000 
5451.000000 
5515.000000 
5377.000000 
5438.000000 
5355.000000 
5940.000000 
6272.000000 
6257.000000 
5930.000000 
5137.000000 
5523.000000 
6052.000000 
5768.000000 
5418.000000 
5331.000000 
5340.000000 
5389.000000 
5145.000000 
5906.000000 
5721.000000 
5812.000000 
5841.000000 
5336.000000 
5370.000000 
5249.000000 
5295.000000 
5374.000000 
5297.000000 
5556.000000 
5313.000000 
5075.000000 
5059.000000 
5262.000000 
5408.000000 
5192.000000 
5789.000000 
5319.000000 
5523.000000 
5579.000000 
5488.000000 
5612.000000 
5472.000000 
5082.000000 
5331.000000 
5111.000000 
5294.000000 
5575.000000 
5135.000000 
5745.000000 
5364.000000 
5531.000000 
5435.000000 
5559.000000 
5588.000000 
5579.000000 
5320.000000 
5215.000000 
5259.000000 
5366.000000 
5198.000000 
5368.000000 
5183.000000 
5506.000000 
4989.000000 
5849.000000 
5604.000000 
5345.000000 
5655.000000 
5665.000000 
5363.000000 
5805.000000 
5505.000000 
5490.000000 
5627.000000 
5563.000000 
5367.000000 
5882.000000 
5304.000000 
5995.000000 
4972.000000 
5522.000000 
5454.000000 
5404.000000 
5284.000000 
5647.000000 
5264.000000 
5260.000000 
5513.000000 
5645.000000 
5505.000000 
5467.000000 
5518.000000 
5320.000000 
5878.000000 
5058.000000 
5783.000000 
5424.000000 
5688.000000 
5299.000000 
5036.000000 
5325.000000 
5069.000000 
5374.000000 
5727.000000 
5286.000000 
4859.000000 
5350.000000 
5246.000000 
5706.000000 
5623.000000 
5183.000000 
5583.000000 
5775.000000 
4880.000000 
5521.000000 
5037.000000 
5471.000000 
5979.000000 
5427.000000 
5273.000000 
5689.000000 
5580.000000 
5669.000000 
5470.000000 
5557.000000 
5468.000000 
5061.000000 
5225.000000 
5460.000000 
5664.000000 
5471.000000 
4891.000000 
5463.000000 
5272.000000 
5306.000000 
5743.000000 
5735.000000 
5189.000000 
5528.000000 
5202.000000 
5586.000000 
5531.000000 
5258.000000 
5406.000000 
5303.000000 
5583.000000 
5891.000000 
5100.000000 
5347.000000 
5300.000000 
5365.000000 
5413.000000 
5427.000000 
5448.000000 
5535.000000 
5500.000000 
5443.000000 
4808.000000 
5233.000000 
5078.000000 
5508.000000 
5529.000000 
5477.000000 
5205.000000 
5007.000000 
5405.000000 
5501.000000 
5236.000000 
5630.000000 
5865.000000 
5267.000000 
5483.000000 
5534.000000 
5796.000000 
5530.000000 
4782.000000 
5506.000000 
5807.000000 
5038.000000 
5658.000000 
5808.000000 
5397.000000 
5718.000000 
5132.000000 
5673.000000 
5575.000000 
4653.000000 
4812.000000 
5544.000000 
5553.000000 
5448.000000 
5732.000000 
5571.000000 
5157.000000 
5047.000000 
5210.000000 
5658.000000 
5613.000000 
5383.000000 
5513.000000 
5263.000000 
5209.000000 
5400.000000 
5320.000000 
5537.000000 
5502.000000 
6222.000000 
5255.000000 
5107.000000 
5776.000000 
5789.000000 
5328.000000 
5784.000000 
5821.000000 
5835.000000 
5666.000000 
5296.000000 
5716.000000 
5528.000000 
5555.000000 
5482.000000 
5667.000000 
5121.000000 
5496.000000 
5474.000000 
5798.000000 
5507.000000 
5647.000000 
5929.000000 
5754.000000 
5500.000000 
5727.000000 
5398.000000 
5592.000000 
5441.000000 
5699.000000 
5175.000000 
5102.000000 
5486.000000 
5257.000000 
5348.000000 
5635.000000 
5693.000000 
4998.000000 
5868.000000 
5221.000000 
5713.000000 
5397.000000 
5191.000000 
5757.000000 
5300.000000 
5401.000000 
5436.000000 
5570.000000 
5317.000000 
4962.000000 
5451.000000 
5515.000000 
5377.000000 
5438.000000 
5355.000000 
5940.000000 
6272.000000 
6257.000000 
5930.000000 
5137.000000 
5523.000000 
6052.000000 
5768.000000 
5418.000000 
5331.000000 
5340.000000 
5389.000000 
5145.000000 
5906.000000 
5721.000000 
5812.000000 
5841.000000 
5336.000000 
5370.000000 
5249.000000 
5295.000000 
5374.000000 
5297.000000 
5556.000000 
5313.000000 
5075.000000 
5059.000000 
5262.000000 
5408.000000 
5192.000000 
5789.000000 
5319.000000 
5523.000000 
5579.000000 
5488.000000 
5612.000000 
5472.000000 
5082.000000 
5331.000000 
5111.000000 
5294.000000 
5575.000000 
5135.000000 
5745.000000 
5364.000000 
5531.000000 
5435.000000 
5559.000000 
5588.000000 
5579.000000 
5320.000000 
5215.000000 
5259.000000 
5366.000000 
5198.000000 
5368.000000 
5183.000000 
5506.000000 
4989.000000 
5849.000000 
5604.000000 
5345.000000 
5655.000000 
5665.000000 
5363.000000 
5805.000000 
5505.000000 
5490.000000 
5627.000000 
5563.000000 
5367.000000 
5882.000000 
5304.000000 
5995.000000 
4972.000000 
5522.000000 
5454.000000 
5404.000000 
5284.000000 
5647.000000 
5264.000000 
5260.000000 
5513.000000 
5645.000000 
5505.000000 
5467.000000 
5518.000000 
5320.000000 
5878.000000 
5058.000000 
5783.000000 
5424.000000 
5688.000000 
5299.000000 
5036.000000 
5325.000000 
5069.000000 
5374.000000 
5727.000000 
5286.000000 
4859.000000 
5350.000000 
5246.000000 
5706.000000 
5623.000000 
5183.000000 
5583.000000 
5775.000000 
4880.000000 
5521.000000 
5037.000000 
5471.000000 
5979.000000 
5427.000000 
5273.000000 
5689.000000 
5580.000000 
5669.000000 
5470.000000 
5557.000000 
5468.000000 
5061.000000 
5225.000000 
5460.000000 
5664.000000 
5471.000000 
4891.000000 
5463.000000 
5272.000000 
5306.000000 
5743.000000 
5735.000000 
5189.000000 
5528.000000 
5202.000000 
5586.000000 
5531.000000 
5258.000000 
5406.000000 
5303.000000 
5583.000000 
5891.000000 
5100.000000 
5347.000000 
5300.000000 
5365.000000 
5413.000000 
5427.000000 
5448.000000 
5535.000000 
5500.000000 
5443.000000 
4808.000000 
5233.000000 
5078.000000 
5508.000000 
5529.000000 
5477.000000 
5205.000000 
5007.000000 
5405.000000 
5501.000000 
5236.000000 
5630.000000 
5865.000000 
5267.000000 
5483.000000 
5534.000000 
5796.000000 
5530.000000 
4782.000000 
5506.000000 
5807.000000 
5038.000000 
5658.000000 
5808.000000 
5397.000000 
5718.000000 
5132.000000 
5673.000000 
5575.000000 
4653.000000 
4812.000000 
5544.000000 
5553.000000 
5448.000000 
5732.000000 
5571.000000 
5157.000000 
5047.000000 
5210.000000 
5658.000000 
5613.000000 
5383.000000 
5513.000000 
5263.000000 
5209.000000 
5400.000000 
5320.000000 
5537.000000 
5502.000000 
6222.000000 
5255.000000 
5107.000000 
5776.000000 
5789.000000 
5328.000000 
5784.000000 
5821.000000 
5835.000000 
5666.000000 
5296.000000 
5716.000000 
5528.000000 
5555.000000 
5482.000000 
5667.000000 
5121.000000 
5496.000000 
5474.000000 
5798.000000 
5507.000000 
5647.000000 
5929.000000 
5754.000000 
5500.000000 
5727.000000 
5398.000000 
5592.000000 
5441.000000 
5699.000000 
5175.000000 
5102.000000 
5486.000000 
5257.000000 
5348.000000 
5635.000000 
5693.000000 
4998.000000 
5868.000000 
5221.000000 
5713.000000 
5397.000000 
5191.000000 
5757.000000 
5300.000000 
5401.000000 
5436.000000 
5570.000000 
5317.000000 
4962.000000 
5451.000000 
5515.000000 
5377.000000 
5438.000000 
5355.000000 
5940.000000 
6272.000000 
6257.000000 
5930.000000 
5137.000000 
5523.000000 
6052.000000 
5768.000000 
5418.000000 
5331.000000 
5340.000000 
5389.000000 
5145.000000 
5906.000000 
5721.000000 
5812.000000 
5841.000000 
5336.000000 
5370.000000 
5249.000000 
5295.000000 
5374.000000 
5297.000000 
5556.000000 
5313.000000 
5075.000000 
5059.000000 
5262.000000 
5408.000000 
5192.000000 
5789.000000 
5319.000000 
5523.000000 
5579.000000 
5488.000000 
5612.000000 
5472.000000 
5082.000000 
5331.000000 
5111.000000 
5294.000000 
5575.000000 
5135.000000 
5745.000000 
5364.000000 
5531.000000 
5435.000000 
5559.000000 
5588.000000 
5579.000000 
5320.000000 
5215.000000 
5259.000000 
5366.000000 
5198.000000 
5368.000000 
5183.000000 
5506.000000 
4989.000000 
5849.000000 
5604.000000 
5345.000000 
5655.000000 
5665.000000 
5363.000000 
5805.000000 
5505.000000 
5490.000000 
5627.000000 
5563.000000 
5367.000000 
5882.000000 
5304.000000 
5995.000000 
4972.000000 
5522.000000 
5454.000000 
5404.000000 
5284.000000 
5647.000000 
5264.000000 
5260.000000 
5513.000000 
5645.000000 
5505.000000 
5467.000000 
5518.000000 
5320.000000 
5878.000000 
5058.000000 
5783.000000 
5424.000000 
5688.000000 
5299.000000 
5036.000000 
5325.000000 
5069.000000 
5374.000000 
5727.000000 
5286.000000 
4859.000000 
5350.000000 
5246.000000 
5706.000000 
5623.000000 
5183.000000 
5583.000000 
5775.000000 
4880.000000 
5521.000000 
5037.000000 
5471.000000 
5979.000000 
5427.000000 
5273.000000 
5689.000000 
5580.000000 
5669.000000 
5470.000000 
5557.000000 
5468.000000 
5061.000000 
5225.000000 
5460.000000 
5664.000000 
5471.000000 
4891.000000 
5463.000000 
5272.000000 
5306.000000 
5743.000000 
5735.000000 
5189.000000 
5528.000000 
5202.000000 
5586.000000 
5531.000000 
5258.000000 
5406.000000 
5303.000000 
5583.000000 
5891.000000 
5100.000000 
5347.000000 
5300.000000 
5365.000000 
5413.000000 
5427.000000 
5448.000000 
5535.000000 
5500.000000 
5443.000000 
4808.000000 
5233.000000 
5078.000000 
5508.000000 
5529.000000 
5477.000000 
5205.000000 
5007.000000 
5405.000000 
5501.000000 
5236.000000 
5630.000000 
5865.000000 
5267.000000 
5483.000000 
5534.000000 
5796.000000 
5530.000000 
4782.000000 
5506.000000 
5807.000000 
5038.000000 
5658.000000 
5808.000000 
5397.000000 
5718.000000 
5132.000000 
5673.000000 
5575.000000 
4653.000000 
4812.000000 
5544.000000 
5553.000000 
5448.000000 
5732.000000 
5571.000000 
5157.000000 
5047.000000 
5210.000000 
5658.000000 
5613.000000 
5383.000000 
5513.000000 
5263.000000 
5209.000000 
5400.000000 
5320.000000 
5537.000000 
5502.000000 
6222.000000 
5255.000000 
5107.000000 
5776.000000 
5789.000000 
5328.000000 
5784.000000 
5821.000000 
5835.000000 
5666.000000 
5296.000000 
5716.000000 
5528.000000 
5555.000000 
5482.000000 
5667.000000 
5121.000000 
5496.000000 
5474.000000 
5798.000000 
5507.000000 
5647.000000 
5929.000000 
5754.000000 
5500.000000 
5727.000000 
5398.000000 
5592.000000 
5441.000000 
5699.000000 
5175.000000 
5102.000000 
5486.000000 
5257.000000 
5348.000000 
5635.000000 
5693.000000 
4998.000000 
5868.000000 
5221.000000 
5713.000000 
5397.000000 
5191.000000 
5757.000000 
5300.000000 
5401.000000 
5436.000000 
5570.000000 
5317.000000 
4962.000000 
5451.000000 
5515.000000 
5377.000000 
5438.000000 
5355.000000 
5940.000000 
6272.000000 
6257.000000 
5930.000000 
5137.000000 
5523.000000 
6052.000000 
5768.000000 
5418.000000 
5331.000000 
5340.000000 
5389.000000 
5145.000000 
5906.000000 
5721.000000 
5812.000000 
5841.000000 
5336.000000 
5370.000000 
5249.000000 
5295.000000 
5374.000000 
5297.000000 
5556.000000 
5313.000000 
5075.000000 
5059.000000 
5262.000000 
5408.000000 
5192.000000 
5789.000000 
5319.000000 
5523.000000 
5579.000000 
5488.000000 
5612.000000 
5472.000000 
5082.000000 
5331.000000 
5111.000000 
5294.000000 
5575.000000 
5135.000000 
5745.000000 
5364.000000 
5531.000000 
5435.000000 
5559.000000 
5588.000000 
5579.000000 
5320.000000 
5215.000000 
5259.000000 
5366.000000 
5198.000000 
5368.000000 
5183.000000 
5506.000000 
4989.000000 
5849.000000 
5604.000000 
5345.000000 
5655.000000 
5665.000000 
5363.000000 
5805.000000 
5505.000000 
5490.000000 
5627.000000 
5563.000000 
5367.000000 
5882.000000 
5304.000000 
5995.000000 
4972.000000 
5522.000000 
5454.000000 
5404.000000 
5284.000000 
5647.000000 
5264.000000 
5260.000000 
5513.000000 
5645.000000 
5505.000000 
5467.000000 
5518.000000 
5320.000000 
5878.000000 
5058.000000 
5783.000000 
5424.000000 
5688.000000 
5299.000000 
5036.000000 
5325.000000 
5069.000000 
5374.000000 
5727.000000 
5286.000000 
4859.000000 
5350.000000 
5246.000000 
5706.000000 
5623.000000 
5183.000000 
5583.000000 
5775.000000 
4880.000000 
5521.000000 
5037.000000 
5471.000000 
5979.000000 
5427.000000 
5273.000000 
5689.000000 
5580.000000 
5669.000000 
5470.000000 
5557.000000 
5468.000000 
5061.000000 
5225.000000 
5460.000000 
5664.000000 
5471.000000 
4891.000000 
5463.000000 
5272.000000 
5306.000000 
5743.000000 
5735.000000 
5189.000000 
5528.000000 
5202.000000 
5586.000000 
5531.000000 
5258.000000 
5406.000000 
5303.000000 
5583.000000 
5891.000000 
5100.000000 
5347.000000 
5300.000000 
5365.000000 
5413.000000 
5427.000000 
5448.000000 
5535.000000 
5500.000000 
5443.000000 
4808.000000 
5233.000000 
5078.000000 
5508.000000 
5529.000000 
5477.000000 
5205.000000 
5007.000000 
5405.000000 
5501.000000 
5236.000000 
5630.000000 
5865.000000 
5267.000000 
5483.000000 
5534.000000 
5796.000000 
5530.000000 
4782.000000 
5506.000000 
5807.000000 
5038.000000 
5658.000000 
5808.000000 
5397.000000 
5718.000000 
5132.000000 
5673.000000 
5575.000000 
4653.000000 
4812.000000 
5544.000000 
5553.000000 
5448.000000 
5732.000000 
5571.000000 
5157.000000 
5047.000000 
5210.000000 
5658.000000 
5613.000000 
5383.000000 
5513.000000 
5263.000000 
5209.000000 
5400.000000 
5320.000000 
5537.000000 
5502.000000 
6222.000000 
5255.000000 
5107.000000 
5776.000000 
5789.000000 
5328.000000 
5784.000000 
5821.000000 
5835.000000 
5666.000000 
5296.000000 
5716.000000 
5528.000000 
5555.000000 
5482.000000 
5667.000000 
5121.000000 
5496.000000 
5474.000000 
5798.000000 
5507.000000 
5647.000000 
5929.000000 
5754.000000 
5500.000000 
5727.000000 
5398.000000 
5592.000000 
5441.000000 
5699.000000 
5175.000000 
5102.000000 
5486.000000 
5257.000000 
5348.000000 
5635.000000 
5693.000000 
4998.000000 
5868.000000 
5221.000000 
5713.000000 
5397.000000 
5191.000000 
5757.000000 
5300.000000 
5401.000000 
5436.000000 
5570.000000 
5317.000000 
4962.000000 
5451.000000 
5515.000000 
5377.000000 
5438.000000 
5355.000000 
5940.000000 
6272.000000 
6257.000000 
5930.000000 
5137.000000 
5523.000000 
6052.000000 
5768.000000 
5418.000000 
5331.000000 
5340.000000 
5389.000000 
5145.000000 
5906.000000 
5721.000000 
5812.000000 
5841.000000 
5336.000000 
5370.000000 
5249.000000 
5295.000000 
5374.000000 
5297.000000 
5556.000000 
5313.000000 
5075.000000 
5059.000000 
5262.000000 
5408.000000 
5192.000000 
5789.000000 
5319.000000 
5523.000000 
5579.000000 
5488.000000 
5612.000000 
5472.000000 
5082.000000 
5331.000000 
5111.000000 
5294.000000 
5575.000000 
5135.000000 
5745.000000 
5364.000000 
5531.000000 
5435.000000 
5559.000000 
5588.000000 
5579.000000 
5320.000000 
5215.000000 
5259.000000 
5366.000000 
5198.000000 
5368.000000 
5183.000000 
5506.000000 
4989.000000 
5849.000000 
5604.000000 
5345.000000 
5655.000000 
5665.000000 
5363.000000 
5805.000000 
5505.000000 
5490.000000 
5627.000000 
5563.000000 
5367.000000 
5882.000000 
5304.000000 
5995.000000 
4972.000000 
5522.000000 
5454.000000 
5404.000000 
5284.000000 
5647.000000 
5264.000000 
5260.000000 
5513.000000 
5645.000000 
5505.000000 
5467.000000 
5518.000000 
5320.000000 
5878.000000 
5058.000000 
5783.000000 
5424.000000 
5688.000000 
5299.000000 
5036.000000 
5325.000000 
5069.000000 
5374.000000 
5727.000000 
5286.000000 
4859.000000 
5350.000000 
5246.000000 
5706.000000 
5623.000000 
5183.000000 
5583.000000 
5775.000000 
4880.000000 
5521.000000 
5037.000000 
5471.000000 
5979.000000 
5427.000000 
5273.000000 
5689.000000 
5580.000000 
5669.000000 
5470.000000 
5557.000000 
5468.000000 
5061.000000 
5225.000000 
5460.000000 
5664.000000 
5471.000000 
4891.000000 
5463.000000 
5272.000000 
5306.000000 
5743.000000 
5735.000000 
5189.000000 
5528.000000 
5202.000000 
5586.000000 
5531.000000 
5258.000000 
5406.000000 
5303.000000 
5583.000000 
5891.000000 
5100.000000 
5347.000000 
5300.000000 
5365.000000 
5413.000000 
5427.000000 
5448.000000 
5535.000000 
5500.000000 
5443.000000 
4808.000000 
5233.000000 
5078.000000 
5508.000000 
5529.000000 
5477.000000 
5205.000000 
5007.000000 
5405.000000 
5501.000000 
5236.000000 
5630.000000 
5865.000000 
5267.000000 
5483.000000 
5534.000000 
5796.000000 
5530.000000 
4782.000000 
5506.000000 
5807.000000 
5038.000000 
5658.000000 
5808.000000 
5397.000000 
5718.000000 
5132.000000 
5673.000000 
5575.000000 
4653.000000 
4812.000000 
5544.000000 
5553.000000 
5448.000000 
5732.000000 
5571.000000 
5157.000000 
5047.000000 
5210.000000 
5658.000000 
5613.000000 
5383.000000 
5513.000000 
5263.000000 
5209.000000 
5400.000000 
5320.000000 
5537.000000 
5502.000000 
6222.000000 
5255.000000 
5107.000000 
5776.000000 
5789.000000 
5328.000000 
5784.000000 
5821.000000 
5835.000000 
5666.000000 
5296.000000 
5716.000000 
5528.000000 
5555.000000 
5482.000000 
5667.000000 
5121.000000 
5496.000000 
5474.000000 
5798.000000 
5507.000000 
5647.000000 
5929.000000 
5754.000000 
5500.000000 
5727.000000 
5398.000000 
5592.000000 
5441.000000 
5699.000000 
5175.000000 
5102.000000 
5486.000000 
5257.000000 
5348.000000 
5635.000000 
5693.000000 
4998.000000 
5868.000000 
5221.000000 
5713.000000 
5397.000000 
5191.000000 
5757.000000 
5300.000000 
5401.000000 
5436.000000 
5570.000000 
5317.000000 
4962.000000 
5451.000000 
5515.000000 
5377.000000 
5438.000000 
5355.000000 
5940.000000 
6272.000000 
6257.000000 
5930.000000 
5137.000000 
5523.000000 
6052.000000 
5768.000000 
5418.000000 
5331.000000 
5340.000000 
5389.000000 
5145.000000 
5906.000000 
5721.000000 
5812.000000 
5841.000000 
5336.000000 
5370.000000 
5249.000000 
5295.000000 
5374.000000 
5297.000000 
5556.000000 
5313.000000 
5075.000000 
5059.000000 
5262.000000 
5408.000000 
5192.000000 
5789.000000 
5319.000000 
5523.000000 
5579.000000 
5488.000000 
5612.000000 
5472.000000 
5082.000000 
5331.000000 
5111.000000 
5294.000000 
5575.000000 
5135.000000 
5745.000000 
5364.000000 
5531.000000 
5435.000000 
5559.000000 
5588.000000 
5579.000000 
5320.000000 
5215.000000 
5259.000000 
5366.000000 
5198.000000 
5368.000000 
5183.000000 
5506.000000 
4989.000000 
5849.000000 
5604.000000 
5345.000000 
5655.000000 
5665.000000 
5363.000000 
5805.000000 
5505.000000 
5490.000000 
5627.000000 
5563.000000 
5367.000000 
5882.000000 
5304.000000 
5995.000000 
4972.000000 
5522.000000 
5454.000000 
5404.000000 
5284.000000 
5647.000000 
5264.000000 
5260.000000 
5513.000000 
5645.000000 
5505.000000 
5467.000000 
5518.000000 
5320.000000 
5878.000000 
5058.000000 
5783.000000 
5424.000000 
5688.000000 
5299.000000 
5036.000000 
5325.000000 
5069.000000 
5374.000000 
5727.000000 
5286.000000 
4859.000000 
5350.000000 
5246.000000 
5706.000000 
5623.000000 
5183.000000 
5583.000000 
5775.000000 
4880.000000 
5521.000000 
5037.000000 
5471.000000 
5979.000000 
5427.000000 
5273.000000 
5689.000000 
5580.000000 
5669.000000 
5470.000000 
5557.000000 
5468.000000 
5061.000000 
5225.000000 
5460.000000 
5664.000000 
5471.000000 
4891.000000 
5463.000000 
5272.000000 
5306.000000 
5743.000000 
5735.000000 
5189.000000 
5528.000000 
5202.000000 
5586.000000 
5531.000000 
5258.000000 
5406.000000 
5303.000000 
5583.000000 
5891.000000 
5100.000000 
5347.000000 
5300.000000 
5365.000000 
5413.000000 
5427.000000 
5448.000000 
5535.000000 
5500.000000 
5443.000000 
4808.000000 
5233.000000 
5078.000000 
5508.000000 
5529.000000 
5477.000000 
5205.000000 
5007.000000 
5405.000000 
5501.000000 
5236.000000 
5630.000000 
5865.000000 
5267.000000 
5483.000000 
5534.000000 
5796.000000 
5530.000000 
4782.000000 
5506.000000 
5807.000000 
5038.000000 
5658.000000 
5808.000000 
5397.000000 
5718.000000 
5132.000000 
5673.000000 
5575.000000 
4653.000000 
4812.000000 
5544.000000 
5553.000000 
5448.000000 
5732.000000 
5571.000000 
5157.000000 
5047.000000 
5210.000000 
5658.000000 
5613.000000 
5383.000000 
5513.000000 
5263.000000 
5209.000000 
5400.000000 
5320.000000 
5537.000000 
5502.000000 
6222.000000 
5255.000000 
5107.000000 
5776.000000 
5789.000000 
5328.000000 
5784.000000 
5821.000000 
5835.000000 
5666.000000 
5296.000000 
5716.000000 
5528.000000 
5555.000000 
5482.000000 
5667.000000 
5121.000000 
5496.000000 
5474.000000 
5798.000000 
5507.000000 
5647.000000 
5929.000000 
5754.000000 
5500.000000 
5727.000000 
5398.000000 
5592.000000 
5441.000000 
5699.000000 
5175.000000 
5102.000000 
5486.000000 
5257.000000 
5348.000000 
5635.000000 
5693.000000 
4998.000000 
5868.000000 
5221.000000 
5713.000000 
5397.000000 
5191.000000 
5757.000000 
5300.000000 
5401.000000 
5436.000000 
5570.000000 
5317.000000 
4962.000000 
5451.000000 
5515.000000 
5377.000000 
5438.000000 
5355.000000 
5940.000000 
6272.000000 
6257.000000 
5930.000000 
5137.000000 
5523.000000 
6052.000000 
5768.000000 
5418.000000 
5331.000000 
5340.000000 
5389.000000 
5145.000000 
5906.000000 
5721.000000 
5812.000000 
5841.000000 
5336.000000 
5370.000000 
5249.000000 
5295.000000 
5374.000000 
5297.000000 
5556.000000 
5313.000000 
5075.000000 
5059.000000 
5262.000000 
5408.000000 
5192.000000 
5789.000000 
5319.000000 
5523.000000 
5579.000000 
5488.000000 
5612.000000 
5472.000000 
5082.000000 
5331.000000 
5111.000000 
5294.000000 
5575.000000 
5135.000000 
5745.000000 
5364.000000 
5531.000000 
5435.000000 
5559.000000 
5588.000000 
5579.000000 
5320.000000 
5215.000000 
5259.000000 
5366.000000 
5198.000000 
5368.000000 
5183.000000 
5506.000000 
4989.000000 
5849.000000 
5604.000000 
5345.000000 
5655.000000 
5665.000000 
5363.000000 
5805.000000 
5505.000000 
5490.000000 
5627.000000 
5563.000000 
5367.000000 
5882.000000 
5304.000000 
5995.000000 
4972.000000 
5522.000000 
5454.000000 
5404.000000 
5284.000000 
5647.000000 
5264.000000 
5260.000000 
5513.000000 
5645.000000 
5505.000000 
5467.000000 
5518.000000 
5320.000000 
5878.000000 
5058.000000 
5783.000000 
5424.000000 
5688.000000 
5299.000000 
5036.000000 
5325.000000 
5069.000000 
5374.000000 
5727.000000 
5286.000000 
4859.000000 
5350.000000 
5246.000000 
5706.000000 
5623.000000 
5183.000000 
5583.000000 
5775.000000 
4880.000000 
5521.000000 
5037.000000 
5471.000000 
5979.000000 
5427.000000 
5273.000000 
5689.000000 
5580.000000 
5669.000000 
5470.000000 
5557.000000 
5468.000000 
5061.000000 
5225.000000 
5460.000000 
5664.000000 
5471.000000 
4891.000000 
5463.000000 
5272.000000 
5306.000000 
5743.000000 
5735.000000 
5189.000000 
5528.000000 
5202.000000 
5586.000000 
5531.000000 
5258.000000 
5406.000000 
5303.000000 
5583.000000 
5891.000000 
5100.000000 
5347.000000 
5300.000000 
5365.000000 
5413.000000 
5427.000000 
5448.000000 
5535.000000 
5500.000000 
5443.000000 
4808.000000 
5233.000000 
5078.000000 
5508.000000 
5529.000000 
5477.000000 
5205.000000 
5007.000000 
5405.000000 
5501.000000 
5236.000000 
5630.000000 
5865.000000 
5267.000000 
5483.000000 
5534.000000 
5796.000000 
5530.000000 
4782.000000 
5506.000000 
5807.000000 
5038.000000 
5658.000000 
5808.000000 
5397.000000 
5718.000000 
5132.000000 
5673.000000 
5575.000000 
4653.000000 
4812.000000 
5544.000000 
5553.000000 
5448.000000 
5732.000000 
5571.000000 
5157.000000 
5047.000000 
5210.000000 
5658.000000 
5613.000000 
5383.000000 
5513.000000 
5263.000000 
5209.000000 
5400.000000 
5320.000000 
5537.000000 
5502.000000 
6222.000000 
5255.000000 
5107.000000 
5776.000000 
5789.000000 
5328.000000 
5784.000000 
5821.000000 
5835.000000 
5666.000000 
5296.000000 
5716.000000 
5528.000000 
5555.000000 
5482.000000 
5667.000000 
5121.000000 
5496.000000 
5474.000000 
5798.000000 
5507.000000 
5647.000000 
5929.000000 
5754.000000 
5500.000000 
5727.000000 
5398.000000 
5592.000000 
5441.000000 
5699.000000 
5175.000000 
5102.000000 
5486.000000 
5257.000000 
5348.000000 
5635.000000 
5693.000000 
4998.000000 
5868.000000 
5221.000000 
5713.000000 
5397.000000 
5191.000000 
5757.000000 
5300.000000 
5401.000000 
5436.000000 
5570.000000 
5317.000000 
4962.000000 
5451.000000 
5515.000000 
5377.000000 
5438.000000 
5355.000000 
5940.000000 
6272.000000 
6257.000000 
5930.000000 
5137.000000 
5523.000000 
6052.000000 
5768.000000 
5418.000000 
5331.000000 
5340.000000 
5389.000000 
5145.000000 
5906.000000 
5721.000000 
5812.000000 
5841.000000 
5336.000000 
5370.000000 
5249.000000 
5295.000000 
5374.000000 
5297.000000 
5556.000000 
5313.000000 
5075.000000 
5059.000000 
5262.000000 
5408.000000 
5192.000000 
5789.000000 
5319.000000 
5523.000000 
5579.000000 
5488.000000 
5612.000000 
5472.000000 
5082.000000 
5331.000000 
5111.000000 
5294.000000 
5575.000000 
5135.000000 
5745.000000 
5364.000000 
5531.000000 
5435.000000 
5559.000000 
5588.000000 
5579.000000 
5320.000000 
5215.000000 
5259.000000 
5366.000000 
5198.000000 
5368.000000 
5183.000000 
5506.000000 
4989.000000 
5849.000000 
5604.000000 
5345.000000 
5655.000000 
5665.000000 
5363.000000 
5805.000000 
5505.000000 
5490.000000 
5627.000000 
5563.000000 
5367.000000 
5882.000000 
5304.000000 
5995.000000 
4972.000000 
5522.000000 
5454.000000 
5404.000000 
5284.000000 
5647.000000 
5264.000000 
5260.000000 
5513.000000 
5645.000000 
5505.000000 
5467.000000 
5518.000000 
5320.000000 
5878.000000 
5058.000000 
5783.000000 
5424.000000 
5688.000000 
5299.000000 
5036.000000 
5325.000000 
5069.000000 
5374.000000 
5727.000000 
5286.000000 
4859.000000 
5350.000000 
5246.000000 
5706.000000 
5623.000000 
5183.000000 
5583.000000 
5775.000000 
4880.000000 
5521.000000 
5037.000000 
5471.000000 
5979.000000 
5427.000000 
5273.000000 
5689.000000 
5580.000000 
5669.000000 
5470.000000 
5557.000000 
5468.000000 
5061.000000 
5225.000000 
5460.000000 
5664.000000 
5471.000000 
4891.000000 
5463.000000 
5272.000000 
5306.000000 
5743.000000 
5735.000000 
5189.000000 
5528.000000 
5202.000000 
5586.000000 
5531.000000 
5258.000000 
5406.000000 
5303.000000 
5583.000000 
5891.000000 
5100.000000 
5347.000000 
5300.000000 
5365.000000 
5413.000000 
5427.000000 
5448.000000 
5535.000000 
5500.000000 
5443.000000 
4808.000000 
5233.000000 
5078.000000 
5508.000000 
5529.000000 
5477.000000 
5205.000000 
5007.000000 
5405.000000 
5501.000000 
5236.000000 
5630.000000 
5865.000000 
5267.000000 
5483.000000 
5534.000000 
5796.000000 
5530.000000 
4782.000000 
5506.000000 
5807.000000 
5038.000000 
5658.000000 
5808.000000 
5397.000000 
5718.000000 
5132.000000 
5673.000000 
5575.000000 
4653.000000 
4812.000000 
5544.000000 
5553.000000 
5448.000000 
5732.000000 
5571.000000 
5157.000000 
5047.000000 
5210.000000 
5658.000000 
5613.000000 
5383.000000 
5513.000000 
5263.000000 
5209.000000 
5400.000000 
5320.000000 
5537.000000 
5502.000000 
6222.000000 
5255.000000 
5107.000000 
5776.000000 
5789.000000 
5328.000000 
5784.000000 
5821.000000 
5835.000000 
5666.000000 
5296.000000 
5716.000000 
5528.000000 
5555.000000 
5482.000000 
5667.000000 
5121.000000 
5496.000000 
5474.000000 
5798.000000 
5507.000000 
5647.000000 
5929.000000 
5754.000000 
5500.000000 
5727.000000 
5398.000000 
5592.000000 
5441.000000 
5699.000000 
5175.000000 
5102.000000 
5486.000000 
5257.000000 
5348.000000 
5635.000000 
5693.000000 
4998.000000 
5868.000000 
5221.000000 
5713.000000 
5397.000000 
5191.000000 
5757.000000 
5300.000000 
5401.000000 
5436.000000 
5570.000000 
5317.000000 
4962.000000 
5451.000000 
5515.000000 
5377.000000 
5438.000000 
5355.000000 
5940.000000 
6272.000000 
6257.000000 
5930.000000 
5137.000000 
5523.000000 
6052.000000 
5768.000000 
5418.000000 
5331.000000 
5340.000000 
5389.000000 
5145.000000 
5906.000000 
5721.000000 
5812.000000 
5841.000000 
5336.000000 
5370.000000 
5249.000000 
5295.000000 
5374.000000 
5297.000000 
5556.000000 
5313.000000 
5075.000000 
5059.000000 
5262.000000 
5408.000000 
5192.000000 
5789.000000 
5319.000000 
5523.000000 
5579.000000 
5488.000000 
5612.000000 
5472.000000 
5082.000000 
5331.000000 
5111.000000 
5294.000000 
5575.000000 
5135.000000 
5745.000000 
5364.000000 
5531.000000 
5435.000000 
5559.000000 
5588.000000 
5579.000000 
5320.000000 
5215.000000 
5259.000000 
5366.000000 
5198.000000 
5368.000000 
5183.000000 
5506.000000 
4989.000000 
5849.000000 
5604.000000 
5345.000000 
5655.000000 
5665.000000 
5363.000000 
5805.000000 
5505.000000 
5490.000000 
5627.000000 
5563.000000 
5367.000000 
5882.000000 
5304.000000 
5995.000000 
4972.000000 
5522.000000 
5454.000000 
5404.000000 
5284.000000 
5647.000000 
5264.000000 
5260.000000 
5513.000000 
5645.000000 
5505.000000 
5467.000000 
5518.000000 
5320.000000 
5878.000000 
5058.000000 
5783.000000 
5424.000000 
5688.000000 
5299.000000 
5036.000000 
5325.000000 
5069.000000 
5374.000000 
5727.000000 
5286.000000 
4859.000000 
5350.000000 
5246.000000 
5706.000000 
5623.000000 
5183.000000 
5583.000000 
5775.000000 
4880.000000 
5521.000000 
5037.000000 
5471.000000 
5979.000000 
5427.000000 
5273.000000 
5689.000000 
5580.000000 
5669.000000 
5470.000000 
5557.000000 
5468.000000 
5061.000000 
5225.000000 
5460.000000 
5664.000000 
5471.000000 
4891.000000 
5463.000000 
5272.000000 
5306.000000 
5743.000000 
5735.000000 
5189.000000 
5528.000000 
5202.000000 
5586.000000 
5531.000000 
5258.000000 
5406.000000 
5303.000000 
5583.000000 
5891.000000 
5100.000000 
5347.000000 
5300.000000 
5365.000000 
5413.000000 
5427.000000 
5448.000000 
5535.000000 
5500.000000 
5443.000000 
4808.000000 
5233.000000 
5078.000000 
5508.000000 
5529.000000 
5477.000000 
5205.000000 
5007.000000 
5405.000000 
5501.000000 
5236.000000 
5630.000000 
5865.000000 
5267.000000 
5483.000000 
5534.000000 
5796.000000 
5530.000000 
4782.000000 
5506.000000 
5807.000000 
5038.000000 
5658.000000 
5808.000000 
5397.000000 
5718.000000 
5132.000000 
5673.000000 
5575.000000 
4653.000000 
4812.000000 
5544.000000 
5553.000000 
5448.000000 
5732.000000 
5571.000000 
5157.000000 
5047.000000 
5210.000000 
5658.000000 
5613.000000 
5383.000000 
5513.000000 
5263.000000 
5209.000000 
5400.000000 
5320.000000 
5537.000000 
5502.000000 
6222.000000 
5255.000000 
5107.000000 
5776.000000 
5789.000000 
5328.000000 
5784.000000 
5821.000000 
5835.000000 
5666.000000 
5296.000000 
5716.000000 
5528.000000 
5555.000000 
5482.000000 
5667.000000 
5121.000000 
5496.000000 
5474.000000 
5798.000000 
5507.000000 
5647.000000 
5929.000000 
5754.000000 
5500.000000 
5727.000000 
5398.000000 
5592.000000 
5441.000000 
5699.000000 
5175.000000 
5102.000000 
5486.000000 
5257.000000 
5348.000000 
5635.000000 
5693.000000 
4998.000000 
5868.000000 
5221.000000 
5713.000000 
5397.000000 
5191.000000 
5757.000000 
5300.000000 
5401.000000 
5436.000000 
5570.000000 
5317.000000 
4962.000000 
5451.000000 
5515.000000 
5377.000000 
5438.000000 
5355.000000 
5940.000000 
6272.000000 
6257.000000 
5930.000000 
5137.000000 
5523.000000 
6052.000000 
5768.000000 
5418.000000 
5331.000000 
5340.000000 
5389.000000 
5145.000000 
5906.000000 
5721.000000 
5812.000000 
5841.000000 
5336.000000 
5370.000000 
5249.000000 
5295.000000 
5374.000000 
5297.000000 
5556.000000 
5313.000000 
5075.000000 
5059.000000 
5262.000000 
5408.000000 
5192.000000 
5789.000000 
5319.000000 
5523.000000 
5579.000000 
5488.000000 
5612.000000 
5472.000000 
5082.000000 
5331.000000 
5111.000000 
5294.000000 
5575.000000 
5135.000000 
5745.000000 
5364.000000 
5531.000000 
5435.000000 
5559.000000 
5588.000000 
5579.000000 
5320.000000 
5215.000000 
5259.000000 
5366.000000 
5198.000000 
5368.000000 
5183.000000 
5506.000000 
4989.000000 
5849.000000 
5604.000000 
5345.000000 
5655.000000 
5665.000000 
5363.000000 
5805.000000 
5505.000000 
5490.000000 
5627.000000 
5563.000000 
5367.000000 
5882.000000 
5304.000000 
5995.000000 
4972.000000 
5522.000000 
5454.000000 
5404.000000 
5284.000000 
5647.000000 
5264.000000 
5260.000000 
5513.000000 
5645.000000 
5505.000000 
5467.000000 
5518.000000 
5320.000000 
5878.000000 
5058.000000 
5783.000000 
5424.000000 
5688.000000 
5299.000000 
5036.000000 
5325.000000 
5069.000000 
5374.000000 
5727.000000 
5286.000000 
4859.000000 
5350.000000 
5246.000000 
5706.000000 
5623.000000 
5183.000000 
5583.000000 
5775.000000 
4880.000000 
5521.000000 
5037.000000 
5471.000000 
5979.000000 
5427.000000 
5273.000000 
5689.000000 
5580.000000 
5669.000000 
5470.000000 
5557.000000 
5468.000000 
5061.000000 
5225.000000 
5460.000000 
5664.000000 
5471.000000 
4891.000000 
5463.000000 
5272.000000 
5306.000000 
5743.000000 
5735.000000 
5189.000000 
5528.000000 
5202.000000 
5586.000000 
5531.000000 
5258.000000 
5406.000000 
5303.000000 
5583.000000 
5891.000000 
5100.000000 
5347.000000 
5300.000000 
5365.000000 
5413.000000 
5427.000000 
5448.000000 
5535.000000 
5500.000000 
5443.000000 
4808.000000 
5233.000000 
5078.000000 
5508.000000 
5529.000000 
5477.000000 
5205.000000 
5007.000000 
5405.000000 
5501.000000 
5236.000000 
5630.000000 
5865.000000 
5267.000000 
5483.000000 
5534.000000 
5796.000000 
5530.000000 
4782.000000 
5506.000000 
5807.000000 
5038.000000 
5658.000000 
5808.000000 
5397.000000 
5718.000000 
5132.000000 
5673.000000 
5575.000000 
4653.000000 
4812.000000 
5544.000000 
5553.000000 
5448.000000 
5732.000000 
5571.000000 
5157.000000 
5047.000000 
5210.000000 
5658.000000 
5613.000000 
5383.000000 
5513.000000 
5263.000000 
5209.000000 
5400.000000 
5320.000000 
5537.000000 
5502.000000 
6222.000000 
5255.000000 
5107.000000 
5776.000000 
5789.000000 
5328.000000 
5784.000000 
5821.000000 
5835.000000 
5666.000000 
5296.000000 
5716.000000 
5528.000000 
5555.000000 
5482.000000 
5667.000000 
5121.000000 
5496.000000 
5474.000000 
5798.000000 
5507.000000 
5647.000000 
5929.000000 
5754.000000 
5500.000000 
5727.000000 
5398.000000 
5592.000000 
5441.000000 
5699.000000 
5175.000000 
5102.000000 
5486.000000 
5257.000000 
5348.000000 
5635.000000 
5693.000000 
4998.000000 
5868.000000 
5221.000000 
5713.000000 
5397.000000 
5191.000000 
5757.000000 
5300.000000 
5401.000000 
5436.000000 
5570.000000 
5317.000000 
4962.000000 
5451.000000 
5515.000000 
5377.000000 
5438.000000 
5355.000000 
5940.000000 
6272.000000 
6257.000000 
5930.000000 
5137.000000 
5523.000000 
6052.000000 
5768.000000 
5418.000000 
5331.000000 
5340.000000 
5389.000000 
5145.000000 
5906.000000 
5721.000000 
5812.000000 
5841.000000 
5336.000000 
5370.000000 
5249.000000 
5295.000000 
5374.000000 
5297.000000 
5556.000000 
5313.000000 
5075.000000 
5059.000000 
5262.000000 
5408.000000 
5192.000000 
5789.000000 
5319.000000 
5523.000000 
5579.000000 
5488.000000 
5612.000000 
5472.000000 
5082.000000 
5331.000000 
5111.000000 
5294.000000 
5575.000000 
5135.000000 
5745.000000 
5364.000000 
5531.000000 
5435.000000 
5559.000000 
5588.000000 
5579.000000 
5320.000000 
5215.000000 
5259.000000 
5366.000000 
5198.000000 
5368.000000 
5183.000000 
5506.000000 
4989.000000 
5849.000000 
5604.000000 
5345.000000 
5655.000000 
5665.000000 
5363.000000 
5805.000000 
5505.000000 
5490.000000 
5627.000000 
5563.000000 
5367.000000 
5882.000000 
5304.000000 
5995.000000 
4972.000000 
5522.000000 
5454.000000 
5404.000000 
5284.000000 
5647.000000 
5264.000000 
5260.000000 
5513.000000 
5645.000000 
5505.000000 
5467.000000 
5518.000000 
5320.000000 
5878.000000 
5058.000000 
5783.000000 
5424.000000 
5688.000000 
5299.000000 
5036.000000 
5325.000000 
5069.000000 
5374.000000 
5727.000000 
5286.000000 
4859.000000 
5350.000000 
5246.000000 
5706.000000 
5623.000000 
5183.000000 
5583.000000 
5775.000000 
4880.000000 
5521.000000 
5037.000000 
5471.000000 
5979.000000 
5427.000000 
5273.000000 
5689.000000 
5580.000000 
5669.000000 
5470.000000 
5557.000000 
5468.000000 
5061.000000 
5225.000000 
5460.000000 
5664.000000 
5471.000000 
4891.000000 
5463.000000 
5272.000000 
5306.000000 
5743.000000 
5735.000000 
5189.000000 
5528.000000 
5202.000000 
5586.000000 
5531.000000 
5258.000000 
5406.000000 
5303.000000 
5583.000000 
5891.000000 
5100.000000 
5347.000000 
5300.000000 
5365.000000 
5413.000000 
5427.000000 
5448.000000 
5535.000000 
5500.000000 
5443.000000 
4808.000000 
5233.000000 
5078.000000 
5508.000000 
5529.000000 
5477.000000 
5205.000000 
5007.000000 
5405.000000 
5501.000000 
5236.000000 
5630.000000 
5865.000000 
5267.000000 
5483.000000 
5534.000000 
5796.000000 
5530.000000 
4782.000000 
5506.000000 
5807.000000 
5038.000000 
5658.000000 
5808.000000 
5397.000000 
5718.000000 
5132.000000 
5673.000000 
5575.000000 
4653.000000 
4812.000000 
5544.000000 
5553.000000 
5448.000000 
5732.000000 
5571.000000 
5157.000000 
5047.000000 
5210.000000 
5658.000000 
5613.000000 
5383.000000 
5513.000000 
5263.000000 
5209.000000 
5400.000000 
5320.000000 
5537.000000 
5502.000000 
6222.000000 
5255.000000 
5107.000000 
5776.000000 
5789.000000 
5328.000000 
5784.000000 
5821.000000 
5835.000000 
5666.000000 
5296.000000 
5716.000000 
5528.000000 
5555.000000 
5482.000000 
5667.000000 
5121.000000 
5496.000000 
5474.000000 
5798.000000 
5507.000000 
5647.000000 
5929.000000 
5754.000000 
5500.000000 
5727.000000 
5398.000000 
5592.000000 
5441.000000 
5699.000000 
5175.000000 
5102.000000 
5486.000000 
5257.000000 
5348.000000 
5635.000000 
5693.000000 
4998.000000 
5868.000000 
5221.000000 
5713.000000 
5397.000000 
5191.000000 
5757.000000 
5300.000000 
5401.000000 
5436.000000 
5570.000000 
5317.000000 
4962.000000 
5451.000000 
5515.000000 
5377.000000 
5438.000000 
5355.000000 
5940.000000 
6272.000000 
6257.000000 
5930.000000 
5137.000000 
5523.000000 
6052.000000 
5768.000000 
5418.000000 
5331.000000 
5340.000000 
5389.000000 
5145.000000 
5906.000000 
5721.000000 
5812.000000 
5841.000000 
5336.000000 
5370.000000 
5249.000000 
5295.000000 
5374.000000 
5297.000000 
5556.000000 
5313.000000 
5075.000000 
5059.000000 
5262.000000 
5408.000000 
5192.000000 
5789.000000 
5319.000000 
5523.000000 
5579.000000 
5488.000000 
5612.000000 
5472.000000 
5082.000000 
5331.000000 
5111.000000 
5294.000000 
5575.000000 
5135.000000 
5745.000000 
5364.000000 
5531.000000 
5435.000000 
5559.000000 
5588.000000 
5579.000000 
5320.000000 
5215.000000 
5259.000000 
5366.000000 
5198.000000 
5368.000000 
5183.000000 
5506.000000 
4989.000000 
5849.000000 
5604.000000 
5345.000000 
5655.000000 
5665.000000 
5363.000000 
5805.000000 
5505.000000 
5490.000000 
5627.000000 
5563.000000 
5367.000000 
5882.000000 
5304.000000 
5995.000000 
4972.000000 
5522.000000 
5454.000000 
5404.000000 
5284.000000 
5647.000000 
5264.000000 
5260.000000 
5513.000000 
5645.000000 
5505.000000 
5467.000000 
5518.000000 
5320.000000 
5878.000000 
5058.000000 
5783.000000 
5424.000000 
5688.000000 
5299.000000 
5036.000000 
5325.000000 
5069.000000 
5374.000000 
5727.000000 
5286.000000 
4859.000000 
5350.000000 
5246.000000 
5706.000000 
5623.000000 
5183.000000 
5583.000000 
5775.000000 
4880.000000 
5521.000000 
5037.000000 
5471.000000 
5979.000000 
5427.000000 
5273.000000 
5689.000000 
5580.000000 
5669.000000 
5470.000000 
5557.000000 
5468.000000 
5061.000000 
5225.000000 
5460.000000 
5664.000000 
5471.000000 
4891.000000 
5463.000000 
5272.000000 
5306.000000 
5743.000000 
5735.000000 
5189.000000 
5528.000000 
5202.000000 
5586.000000 
5531.000000 
5258.000000 
5406.000000 
5303.000000 
5583.000000 
5891.000000 
5100.000000 
5347.000000 
5300.000000 
5365.000000 
5413.000000 
5427.000000 
5448.000000 
5535.000000 
5500.000000 
5443.000000 
4808.000000 
5233.000000 
5078.000000 
5508.000000 
5529.000000 
5477.000000 
5205.000000 
5007.000000 
5405.000000 
5501.000000 
5236.000000 
5630.000000 
5865.000000 
5267.000000 
5483.000000 
5534.000000 
5796.000000 
5530.000000 
4782.000000 
5506.000000 
5807.000000 
5038.000000 
5658.000000 
5808.000000 
5397.000000 
5718.000000 
5132.000000 
5673.000000 
5575.000000 
4653.000000 
4812.000000 
5544.000000 
5553.000000 
5448.000000 
5732.000000 
5571.000000 
5157.000000 
5047.000000 
5210.000000 
5658.000000 
5613.000000 
5383.000000 
5513.000000 
5263.000000 
5209.000000 
5400.000000 
5320.000000 
5537.000000 
5502.000000 
6222.000000 
5255.000000 
5107.000000 
5776.000000 
5789.000000 
5328.000000 
5784.000000 
5821.000000 
5835.000000 
5666.000000 
5296.000000 
5716.000000 
5528.000000 
5555.000000 
5482.000000 
5667.000000 
5121.000000 
5496.000000 
5474.000000 
5798.000000 
5507.000000 
5647.000000 
5929.000000 
5754.000000 
5500.000000 
5727.000000 
5398.000000 
5592.000000 
5441.000000 
5699.000000 
5175.000000 
5102.000000 
5486.000000 
5257.000000 
5348.000000 
5635.000000 
5693.000000 
4998.000000 
5868.000000 
5221.000000 
5713.000000 
5397.000000 
5191.000000 
5757.000000 
5300.000000 
5401.000000 
5436.000000 
5570.000000 
5317.000000 
4962.000000 
5451.000000 
5515.000000 
5377.000000 
5438.000000 
5355.000000 
5940.000000 
6272.000000 
6257.000000 
5930.000000 
5137.000000 
5523.000000 
6052.000000 
5768.000000 
5418.000000 
5331.000000 
5340.000000 
5389.000000 
5145.000000 
5906.000000 
5721.000000 
5812.000000 
5841.000000 
5336.000000 
5370.000000 
5249.000000 
5295.000000 
5374.000000 
5297.000000 
5556.000000 
5313.000000 
5075.000000 
5059.000000 
5262.000000 
5408.000000 
5192.000000 
5789.000000 
5319.000000 
5523.000000 
5579.000000 
5488.000000 
5612.000000 
5472.000000 
5082.000000 
5331.000000 
5111.000000 
5294.000000 
5575.000000 
5135.000000 
5745.000000 
5364.000000 
5531.000000 
5435.000000 
5559.000000 
5588.000000 
5579.000000 
5320.000000 
5215.000000 
5259.000000 
5366.000000 
5198.000000 
5368.000000 
5183.000000 
5506.000000 
4989.000000 
5849.000000 
5604.000000 
5345.000000 
5655.000000 
5665.000000 
5363.000000 
5805.000000 
5505.000000 
5490.000000 
5627.000000 
5563.000000 
5367.000000 
5882.000000 
5304.000000 
5995.000000 
4972.000000 
5522.000000 
5454.000000 
5404.000000 
5284.000000 
5647.000000 
5264.000000 
5260.000000 
5513.000000 
5645.000000 
5505.000000 
5467.000000 
5518.000000 
5320.000000 
5878.000000 
5058.000000 
5783.000000 
5424.000000 
5688.000000 
5299.000000 
5036.000000 
5325.000000 
5069.000000 
5374.000000 
5727.000000 
5286.000000 
4859.000000 
5350.000000 
5246.000000 
5706.000000 
5623.000000 
5183.000000 
5583.000000 
5775.000000 
4880.000000 
5521.000000 
5037.000000 
5471.000000 
5979.000000 
5427.000000 
5273.000000 
5689.000000 
5580.000000 
5669.000000 
5470.000000 
5557.000000 
5468.000000 
5061.000000 
5225.000000 
5460.000000 
5664.000000 
5471.000000 
4891.000000 
5463.000000 
5272.000000 
5306.000000 
5743.000000 
5735.000000 
5189.000000 
5528.000000 
5202.000000 
5586.000000 
5531.000000 
5258.000000 
5406.000000 
5303.000000 
5583.000000 
5891.000000 
5100.000000 
5347.000000 
5300.000000 
5365.000000 
5413.000000 
5427.000000 
5448.000000 
5535.000000 
5500.000000 
5443.000000 
4808.000000 
5233.000000 
5078.000000 
5508.000000 
5529.000000 
5477.000000 
5205.000000 
5007.000000 
5405.000000 
5501.000000 
5236.000000 
5630.000000 
5865.000000 
5267.000000 
5483.000000 
5534.000000 
5796.000000 
5530.000000 
4782.000000 
5506.000000 
5807.000000 
5038.000000 
5658.000000 
5808.000000 
5397.000000 
5718.000000 
5132.000000 
5673.000000 
5575.000000 
4653.000000 
4812.000000 
5544.000000 
5553.000000 
5448.000000 
5732.000000 
5571.000000 
5157.000000 
5047.000000 
5210.000000 
5658.000000 
5613.000000 
5383.000000 
5513.000000 
5263.000000 
5209.000000 
5400.000000 
5320.000000 
5537.000000 
5502.000000 
6222.000000 
5255.000000 
5107.000000 
5776.000000 
5789.000000 
5328.000000 
5784.000000 
5821.000000 
5835.000000 
5666.000000 
5296.000000 
5716.000000 
5528.000000 
5555.000000 
5482.000000 
5667.000000 
5121.000000 
5496.000000 
5474.000000 
5798.000000 
5507.000000 
5647.000000 
5929.000000 
5754.000000 
5500.000000 
5727.000000 
5398.000000 
5592.000000 
5441.000000 
5699.000000 
5175.000000 
5102.000000 
5486.000000 
5257.000000 
5348.000000 
5635.000000 
5693.000000 
4998.000000 
5868.000000 
5221.000000 
5713.000000 
5397.000000 
5191.000000 
5757.000000 
5300.000000 
5401.000000 
5436.000000 
5570.000000 
5317.000000 
4962.000000 
5451.000000 
5515.000000 
5377.000000 
5438.000000 
5355.000000 
5940.000000 
6272.000000 
6257.000000 
5930.000000 
5137.000000 
5523.000000 
6052.000000 
5768.000000 
5418.000000 
5331.000000 
5340.000000 
5389.000000 
5145.000000 
5906.000000 
5721.000000 
5812.000000 
5841.000000 
5336.000000 
5370.000000 
5249.000000 
5295.000000 
5374.000000 
5297.000000 
5556.000000 
5313.000000 
5075.000000 
5059.000000 
5262.000000 
5408.000000 
5192.000000 
5789.000000 
5319.000000 
5523.000000 
5579.000000 
5488.000000 
5612.000000 
5472.000000 
5082.000000 
5331.000000 
5111.000000 
5294.000000 
5575.000000 
5135.000000 
5745.000000 
5364.000000 
5531.000000 
5435.000000 
5559.000000 
5588.000000 
5579.000000 
5320.000000 
5215.000000 
5259.000000 
5366.000000 
5198.000000 
5368.000000 
5183.000000 
5506.000000 
4989.000000 
5849.000000 
5604.000000 
5345.000000 
5655.000000 
5665.000000 
5363.000000 
5805.000000 
5505.000000 
5490.000000 
5627.000000 
5563.000000 
5367.000000 
5882.000000 
5304.000000 
5995.000000 
4972.000000 
5522.000000 
5454.000000 
5404.000000 
5284.000000 
5647.000000 
5264.000000 
5260.000000 
5513.000000 
5645.000000 
5505.000000 
5467.000000 
5518.000000 
5320.000000 
5878.000000 
5058.000000 
5783.000000 
5424.000000 
5688.000000 
5299.000000 
5036.000000 
5325.000000 
5069.000000 
5374.000000 
5727.000000 
5286.000000 
4859.000000 
5350.000000 
5246.000000 
5706.000000 
5623.000000 
5183.000000 
5583.000000 
5775.000000 
4880.000000 
5521.000000 
5037.000000 
5471.000000 
5979.000000 
5427.000000 
5273.000000 
5689.000000 
5580.000000 
5669.000000 
5470.000000 
5557.000000 
5468.000000 
5061.000000 
5225.000000 
5460.000000 
5664.000000 
5471.000000 
4891.000000 
5463.000000 
5272.000000 
5306.000000 
5743.000000 
5735.000000 
5189.000000 
5528.000000 
5202.000000 
5586.000000 
5531.000000 
5258.000000 
5406.000000 
5303.000000 
5583.000000 
5891.000000 
5100.000000 
5347.000000 
5300.000000 
5365.000000 
5413.000000 
5427.000000 
5448.000000 
5535.000000 
5500.000000 
5443.000000 
4808.000000 
5233.000000 
5078.000000 
5508.000000 
5529.000000 
5477.000000 
5205.000000 
5007.000000 
5405.000000 
5501.000000 
5236.000000 
5630.000000 
5865.000000 
5267.000000 
5483.000000 
5534.000000 
5796.000000 
5530.000000 
4782.000000 
5506.000000 
5807.000000 
5038.000000 
5658.000000 
5808.000000 
5397.000000 
5718.000000 
5132.000000 
5673.000000 
5575.000000 
4653.000000 
4812.000000 
5544.000000 
5553.000000 
5448.000000 
5732.000000 
5571.000000 
5157.000000 
5047.000000 
5210.000000 
5658.000000 
5613.000000 
5383.000000 
5513.000000 
5263.000000 
5209.000000 
5400.000000 
5320.000000 
5537.000000 
5502.000000 
6222.000000 
5255.000000 
5107.000000 
5776.000000 
5789.000000 
5328.000000 
5784.000000 
5821.000000 
5835.000000 
5666.000000 
5296.000000 
5716.000000 
5528.000000 
5555.000000 
5482.000000 
5667.000000 
5121.000000 
5496.000000 
5474.000000 
5798.000000 
5507.000000 
5647.000000 
5929.000000 
5754.000000 
5500.000000 
5727.000000 
5398.000000 
5592.000000 
5441.000000 
5699.000000 
5175.000000 
5102.000000 
5486.000000 
5257.000000 
5348.000000 
5635.000000 
5693.000000 
4998.000000 
5868.000000 
5221.000000 
5713.000000 
5397.000000 
5191.000000 
5757.000000 
5300.000000 
5401.000000 
5436.000000 
5570.000000 
5317.000000 
4962.000000 
5451.000000 
5515.000000 
5377.000000 
5438.000000 
5355.000000 
5940.000000 
6272.000000 
6257.000000 
5930.000000 
5137.000000 
5523.000000 
6052.000000 
5768.000000 
5418.000000 
5331.000000 
5340.000000 
5389.000000 
5145.000000 
5906.000000 
5721.000000 
5812.000000 
5841.000000 
5336.000000 
5370.000000 
5249.000000 
5295.000000 
5374.000000 
5297.000000 
5556.000000 
5313.000000 
5075.000000 
5059.000000 
5262.000000 
5408.000000 
5192.000000 
5789.000000 
5319.000000 
5523.000000 
5579.000000 
5488.000000 
5612.000000 
5472.000000 
5082.000000 
5331.000000 
5111.000000 
5294.000000 
5575.000000 
5135.000000 
5745.000000 
5364.000000 
5531.000000 
5435.000000 
5559.000000 
5588.000000 
5579.000000 
5320.000000 
5215.000000 
5259.000000 
5366.000000 
5198.000000 
5368.000000 
5183.000000 
5506.000000 
4989.000000 
5849.000000 
5604.000000 
5345.000000 
5655.000000 
5665.000000 
5363.000000 
5805.000000 
5505.000000 
5490.000000 
5627.000000 
5563.000000 
5367.000000 
5882.000000 
5304.000000 
5995.000000 
4972.000000 
5522.000000 
5454.000000 
5404.000000 
5284.000000 
5647.000000 
5264.000000 
5260.000000 
5513.000000 
5645.000000 
5505.000000 
5467.000000 
5518.000000 
5320.000000 
5878.000000 
5058.000000 
5783.000000 
5424.000000 
5688.000000 
5299.000000 
5036.000000 
5325.000000 
5069.000000 
5374.000000 
5727.000000 
5286.000000 
4859.000000 
5350.000000 
5246.000000 
5706.000000 
5623.000000 
5183.000000 
5583.000000 
5775.000000 
4880.000000 
5521.000000 
5037.000000 
5471.000000 
5979.000000 
5427.000000 
5273.000000 
5689.000000 
5580.000000 
5669.000000 
5470.000000 
5557.000000 
5468.000000 
5061.000000 
5225.000000 
5460.000000 
5664.000000 
5471.000000 
4891.000000 
5463.000000 
5272.000000 
5306.000000 
5743.000000 
5735.000000 
5189.000000 
5528.000000 
5202.000000 
5586.000000 
5531.000000 
5258.000000 
5406.000000 
5303.000000 
5583.000000 
5891.000000 
5100.000000 
5347.000000 
5300.000000 
5365.000000 
5413.000000 
5427.000000 
5448.000000 
5535.000000 
5500.000000 
5443.000000 
4808.000000 
5233.000000 
5078.000000 
5508.000000 
5529.000000 
5477.000000 
5205.000000 
5007.000000 
5405.000000 
5501.000000 
5236.000000 
5630.000000 
5865.000000 
5267.000000 
5483.000000 
5534.000000 
5796.000000 
5530.000000 
4782.000000 
5506.000000 
5807.000000 
5038.000000 
5658.000000 
5808.000000 
5397.000000 
5718.000000 
5132.000000 
5673.000000 
5575.000000 
4653.000000 
4812.000000 
5544.000000 
5553.000000 
5448.000000 
5732.000000 
5571.000000 
5157.000000 
5047.000000 
5210.000000 
5658.000000 
5613.000000 
5383.000000 
5513.000000 
5263.000000 
5209.000000 
5400.000000 
5320.000000 
5537.000000 
5502.000000 
6222.000000 
5255.000000 
5107.000000 
5776.000000 
5789.000000 
5328.000000 
5784.000000 
5821.000000 
5835.000000 
5666.000000 
5296.000000 
5716.000000 
5528.000000 
5555.000000 
5482.000000 
5667.000000 
5121.000000 
5496.000000 
5474.000000 
5798.000000 
5507.000000 
5647.000000 
5929.000000 
5754.000000 
5500.000000 
5727.000000 
5398.000000 
5592.000000 
5441.000000 
5699.000000 
5175.000000 
5102.000000 
5486.000000 
5257.000000 
5348.000000 
5635.000000 
5693.000000 
4998.000000 
5868.000000 
5221.000000 
5713.000000 
5397.000000 
5191.000000 
5757.000000 
5300.000000 
5401.000000 
5436.000000 
5570.000000 
5317.000000 
4962.000000 
5451.000000 
5515.000000 
5377.000000 
5438.000000 
5355.000000 
5940.000000 
6272.000000 
6257.000000 
5930.000000 
5137.000000 
5523.000000 
6052.000000 
5768.000000 
5418.000000 
5331.000000 
5340.000000 
5389.000000 
