1.000000 
0.000000 
0.000000 
0.000000 
0.000000 
0.000000 
0.000000 
0.000000 
0.000000 
0.000000 
0.000000 
0.000000 
0.000000 
0.000000 
0.000000 
0.000000 
0.000000 
0.000000 
0.000000 
0.000000 
0.000000 
0.000000 
0.000000 
0.000000 
0.000000 
0.000000 
0.000000 
0.000000 
0.000000 
0.000000 
0.000000 
0.000000 
0.000000 
0.545827 
0.454173 
0.000000 
0.000000 
0.000000 
0.000000 
0.000000 
0.000000 
0.000000 
0.000000 
0.000000 
0.000000 
0.000000 
0.000000 
0.000000 
0.000000 
0.000000 
0.000000 
0.000000 
0.000000 
0.000000 
0.000000 
0.000000 
0.000000 
0.000000 
0.000000 
0.000000 
0.000000 
0.000000 
0.000000 
0.000000 
0.000000 
0.000000 
0.255604 
0.469151 
0.275245 
0.000000 
0.000000 
0.000000 
0.000000 
0.000000 
0.000000 
0.000000 
0.000000 
0.000000 
0.000000 
0.000000 
0.000000 
0.000000 
0.000000 
0.000000 
0.000000 
0.000000 
0.000000 
0.000000 
0.000000 
0.000000 
0.000000 
0.000000 
0.000000 
0.000000 
0.000000 
0.000000 
0.000000 
0.000000 
0.000000 
0.365372 
0.312475 
0.165739 
0.156413 
0.000000 
0.000000 
0.000000 
0.000000 
0.000000 
0.000000 
0.000000 
0.000000 
0.000000 
0.000000 
0.000000 
0.000000 
0.000000 
0.000000 
0.000000 
0.000000 
0.000000 
0.000000 
0.000000 
0.000000 
0.000000 
0.000000 
0.000000 
0.000000 
0.000000 
0.000000 
0.000000 
0.000000 
0.000000 
0.330952 
0.186267 
0.240836 
0.111951 
0.129993 
0.000000 
0.000000 
0.000000 
0.000000 
0.000000 
0.000000 
0.000000 
0.000000 
0.000000 
0.000000 
0.000000 
0.000000 
0.000000 
0.000000 
0.000000 
0.000000 
0.000000 
0.000000 
0.000000 
0.000000 
0.000000 
0.000000 
0.000000 
0.000000 
0.000000 
0.000000 
0.000000 
0.000000 
0.642748 
0.109036 
0.027987 
0.063710 
0.128218 
0.028301 
0.000000 
0.000000 
0.000000 
0.000000 
0.000000 
0.000000 
0.000000 
0.000000 
0.000000 
0.000000 
0.000000 
0.000000 
0.000000 
0.000000 
0.000000 
0.000000 
0.000000 
0.000000 
0.000000 
0.000000 
0.000000 
0.000000 
0.000000 
0.000000 
0.000000 
0.000000 
0.000000 
0.146840 
0.022403 
0.044196 
0.093106 
0.063287 
0.453935 
0.176234 
0.000000 
0.000000 
0.000000 
0.000000 
0.000000 
0.000000 
0.000000 
0.000000 
0.000000 
0.000000 
0.000000 
0.000000 
0.000000 
0.000000 
0.000000 
0.000000 
0.000000 
0.000000 
0.000000 
0.000000 
0.000000 
0.000000 
0.000000 
0.000000 
0.000000 
0.000000 
0.615067 
0.109472 
0.047577 
0.045216 
0.100089 
0.025140 
0.043525 
0.013914 
0.000000 
0.000000 
0.000000 
0.000000 
0.000000 
0.000000 
0.000000 
0.000000 
0.000000 
0.000000 
0.000000 
0.000000 
0.000000 
0.000000 
0.000000 
0.000000 
0.000000 
0.000000 
0.000000 
0.000000 
0.000000 
0.000000 
0.000000 
0.000000 
0.000000 
0.213742 
0.104004 
0.142434 
0.160794 
0.258163 
0.030775 
0.026325 
0.041707 
0.022056 
0.000000 
0.000000 
0.000000 
0.000000 
0.000000 
0.000000 
0.000000 
0.000000 
0.000000 
0.000000 
0.000000 
0.000000 
0.000000 
0.000000 
0.000000 
0.000000 
0.000000 
0.000000 
0.000000 
0.000000 
0.000000 
0.000000 
0.000000 
0.000000 
0.158588 
0.178269 
0.076522 
0.059629 
0.062396 
0.207557 
0.154017 
0.010139 
0.080717 
0.012165 
0.000000 
0.000000 
0.000000 
0.000000 
0.000000 
0.000000 
0.000000 
0.000000 
0.000000 
0.000000 
0.000000 
0.000000 
0.000000 
0.000000 
0.000000 
0.000000 
0.000000 
0.000000 
0.000000 
0.000000 
0.000000 
0.000000 
0.000000 
0.189882 
0.025072 
0.070391 
0.068053 
0.107091 
0.162278 
0.101391 
0.042080 
0.174122 
0.050731 
0.008910 
0.000000 
0.000000 
0.000000 
0.000000 
0.000000 
0.000000 
0.000000 
0.000000 
0.000000 
0.000000 
0.000000 
0.000000 
0.000000 
0.000000 
0.000000 
0.000000 
0.000000 
0.000000 
0.000000 
0.000000 
0.000000 
0.000000 
0.200766 
0.050236 
0.009294 
0.049510 
0.030758 
0.029425 
0.025083 
0.071082 
0.188860 
0.024490 
0.044088 
0.276408 
0.000000 
0.000000 
0.000000 
0.000000 
0.000000 
0.000000 
0.000000 
0.000000 
0.000000 
0.000000 
0.000000 
0.000000 
0.000000 
0.000000 
0.000000 
0.000000 
0.000000 
0.000000 
0.000000 
0.000000 
0.000000 
0.149814 
0.024579 
0.137121 
0.213534 
0.082799 
0.049949 
0.130073 
0.017819 
0.013566 
0.021977 
0.056417 
0.080325 
0.022026 
0.000000 
0.000000 
0.000000 
0.000000 
0.000000 
0.000000 
0.000000 
0.000000 
0.000000 
0.000000 
0.000000 
0.000000 
0.000000 
0.000000 
0.000000 
0.000000 
0.000000 
0.000000 
0.000000 
0.000000 
0.043608 
0.033558 
0.014498 
0.016463 
0.016876 
0.074471 
0.431343 
0.074138 
0.004762 
0.124817 
0.012624 
0.070921 
0.013455 
0.068466 
0.000000 
0.000000 
0.000000 
0.000000 
0.000000 
0.000000 
0.000000 
0.000000 
0.000000 
0.000000 
0.000000 
0.000000 
0.000000 
0.000000 
0.000000 
0.000000 
0.000000 
0.000000 
0.000000 
0.235063 
0.007447 
0.028492 
0.021638 
0.007510 
0.036748 
0.064357 
0.073352 
0.028716 
0.011674 
0.019836 
0.307091 
0.011308 
0.051407 
0.095360 
0.000000 
0.000000 
0.000000 
0.000000 
0.000000 
0.000000 
0.000000 
0.000000 
0.000000 
0.000000 
0.000000 
0.000000 
0.000000 
0.000000 
0.000000 
0.000000 
0.000000 
0.000000 
0.191878 
0.100201 
0.010070 
0.079679 
0.004522 
0.061449 
0.019104 
0.007889 
0.010986 
0.070475 
0.072360 
0.015737 
0.249273 
0.028647 
0.059775 
0.017955 
0.000000 
0.000000 
0.000000 
0.000000 
0.000000 
0.000000 
0.000000 
0.000000 
0.000000 
0.000000 
0.000000 
0.000000 
0.000000 
0.000000 
0.000000 
0.000000 
0.000000 
0.024693 
0.116498 
0.014326 
0.058975 
0.156884 
0.014636 
0.037112 
0.136190 
0.040589 
0.010208 
0.064762 
0.027469 
0.025389 
0.045340 
0.046983 
0.049180 
0.130765 
0.000000 
0.000000 
0.000000 
0.000000 
0.000000 
0.000000 
0.000000 
0.000000 
0.000000 
0.000000 
0.000000 
0.000000 
0.000000 
0.000000 
0.000000 
0.000000 
0.017827 
0.225778 
0.082850 
0.013417 
0.030147 
0.023540 
0.352738 
0.009490 
0.015959 
0.010964 
0.006472 
0.043236 
0.010754 
0.014875 
0.017139 
0.065463 
0.048271 
0.011081 
0.000000 
0.000000 
0.000000 
0.000000 
0.000000 
0.000000 
0.000000 
0.000000 
0.000000 
0.000000 
0.000000 
0.000000 
0.000000 
0.000000 
0.000000 
0.103158 
0.032273 
0.049879 
0.064812 
0.014218 
0.039101 
0.028920 
0.029327 
0.023165 
0.023208 
0.100205 
0.332443 
0.038063 
0.016863 
0.017865 
0.009452 
0.029539 
0.035614 
0.011893 
0.000000 
0.000000 
0.000000 
0.000000 
0.000000 
0.000000 
0.000000 
0.000000 
0.000000 
0.000000 
0.000000 
0.000000 
0.000000 
0.000000 
0.037685 
0.062851 
0.115285 
0.016081 
0.045016 
0.013388 
0.034814 
0.010603 
0.015544 
0.008725 
0.092837 
0.025042 
0.042687 
0.110220 
0.043916 
0.028257 
0.024750 
0.174028 
0.041861 
0.056412 
0.000000 
0.000000 
0.000000 
0.000000 
0.000000 
0.000000 
0.000000 
0.000000 
0.000000 
0.000000 
0.000000 
0.000000 
0.000000 
0.009541 
0.008174 
0.010949 
0.037629 
0.269556 
0.009296 
0.094247 
0.026350 
0.018034 
0.008479 
0.020262 
0.004530 
0.054092 
0.001179 
0.054537 
0.021720 
0.212455 
0.061127 
0.043667 
0.015361 
0.018815 
0.000000 
0.000000 
0.000000 
0.000000 
0.000000 
0.000000 
0.000000 
0.000000 
0.000000 
0.000000 
0.000000 
0.000000 
0.005511 
0.023780 
0.026020 
0.134933 
0.092181 
0.089467 
0.008882 
0.010082 
0.049626 
0.024189 
0.028832 
0.006541 
0.184600 
0.021911 
0.014673 
0.027114 
0.120304 
0.019740 
0.060866 
0.019064 
0.024171 
0.007514 
0.000000 
0.000000 
0.000000 
0.000000 
0.000000 
0.000000 
0.000000 
0.000000 
0.000000 
0.000000 
0.000000 
0.033059 
0.013001 
0.163333 
0.008655 
0.048357 
0.008284 
0.016788 
0.049318 
0.119888 
0.006244 
0.030197 
0.015455 
0.014509 
0.046506 
0.057749 
0.032573 
0.016372 
0.061135 
0.025945 
0.006479 
0.035484 
0.012093 
0.178574 
0.000000 
0.000000 
0.000000 
0.000000 
0.000000 
0.000000 
0.000000 
0.000000 
0.000000 
0.000000 
0.017946 
0.047695 
0.019309 
0.275873 
0.015130 
0.058970 
0.015409 
0.027454 
0.030979 
0.022551 
0.024372 
0.066521 
0.014906 
0.020413 
0.004159 
0.017640 
0.045565 
0.021720 
0.022521 
0.014014 
0.063360 
0.087437 
0.020953 
0.045102 
0.000000 
0.000000 
0.000000 
0.000000 
0.000000 
0.000000 
0.000000 
0.000000 
0.000000 
0.034670 
0.006041 
0.072904 
0.063257 
0.034503 
0.056518 
0.056208 
0.033129 
0.143383 
0.026915 
0.084214 
0.023514 
0.009467 
0.036954 
0.004747 
0.017573 
0.002922 
0.019422 
0.003760 
0.084101 
0.047541 
0.051437 
0.018245 
0.042299 
0.026275 
0.000000 
0.000000 
0.000000 
0.000000 
0.000000 
0.000000 
0.000000 
0.000000 
0.006863 
0.024931 
0.063246 
0.067384 
0.028447 
0.023991 
0.290110 
0.005082 
0.056592 
0.004029 
0.004202 
0.017592 
0.029515 
0.077692 
0.006903 
0.034398 
0.015828 
0.049526 
0.009599 
0.030326 
0.047271 
0.008472 
0.002123 
0.056028 
0.025789 
0.014058 
0.000000 
0.000000 
0.000000 
0.000000 
0.000000 
0.000000 
0.000000 
0.009155 
0.052625 
0.124814 
0.018661 
0.024493 
0.037957 
0.004360 
0.013035 
0.011036 
0.005062 
0.165276 
0.043008 
0.069170 
0.025511 
0.046652 
0.051167 
0.008158 
0.040544 
0.018225 
0.012674 
0.046065 
0.042274 
0.008035 
0.043577 
0.006866 
0.003736 
0.067865 
0.000000 
0.000000 
0.000000 
0.000000 
0.000000 
0.000000 
0.015930 
0.007713 
0.013128 
0.002926 
0.026110 
0.040601 
0.033577 
0.019196 
0.016381 
0.051215 
0.010219 
0.005370 
0.083036 
0.107666 
0.004672 
0.022681 
0.181000 
0.026721 
0.003836 
0.187598 
0.019473 
0.012038 
0.059257 
0.003927 
0.010587 
0.009152 
0.018622 
0.007369 
0.000000 
0.000000 
0.000000 
0.000000 
0.000000 
0.067380 
0.009931 
0.053362 
0.014246 
0.019852 
0.013366 
0.022318 
0.043023 
0.040842 
0.006225 
0.012255 
0.029142 
0.002793 
0.056271 
0.007025 
0.093228 
0.106687 
0.010175 
0.044811 
0.036851 
0.018967 
0.077123 
0.007139 
0.049653 
0.011912 
0.049708 
0.023630 
0.011684 
0.060404 
0.000000 
0.000000 
0.000000 
0.000000 
0.087231 
0.013484 
0.017730 
0.020379 
0.108881 
0.038507 
0.086339 
0.004443 
0.008596 
0.015369 
0.017961 
0.024068 
0.051884 
0.028221 
0.013749 
0.007870 
0.009307 
0.080041 
0.026484 
0.058368 
0.017639 
0.059922 
0.013188 
0.027854 
0.022305 
0.010344 
0.098374 
0.009321 
0.011946 
0.010195 
0.000000 
0.000000 
0.000000 
0.030206 
0.001682 
0.029843 
0.001536 
0.014590 
0.083174 
0.039931 
0.050881 
0.008408 
0.009686 
0.092991 
0.002907 
0.007421 
0.013609 
0.018532 
0.017409 
0.049760 
0.037011 
0.028432 
0.021202 
0.067329 
0.054356 
0.041860 
0.019928 
0.007714 
0.044758 
0.006227 
0.139256 
0.019838 
0.008500 
0.031026 
0.000000 
0.000000 
0.026274 
0.031316 
0.025947 
0.009403 
0.025801 
0.044888 
0.006418 
0.007998 
0.037145 
0.011779 
0.082636 
0.040494 
0.002030 
0.033382 
0.045750 
0.015771 
0.015557 
0.074890 
0.089518 
0.022443 
0.006977 
0.034818 
0.032093 
0.019137 
0.008083 
0.007451 
0.032973 
0.056631 
0.011992 
0.071250 
0.008845 
0.060313 
0.000000 
0.046871 
0.008007 
0.015486 
0.005056 
0.033978 
0.016236 
0.017841 
0.179071 
0.024057 
0.049839 
0.044847 
0.017939 
0.007773 
0.077549 
0.004378 
0.025179 
0.040164 
0.009713 
0.018487 
0.015486 
0.024870 
0.008346 
0.089055 
0.011946 
0.013197 
0.068297 
0.017037 
0.034128 
0.038372 
0.012992 
0.013269 
0.004724 
0.005811 
1.000000 
0.000000 
0.000000 
0.000000 
0.000000 
0.000000 
0.000000 
0.000000 
0.000000 
0.000000 
0.000000 
0.000000 
0.000000 
0.000000 
0.000000 
0.000000 
0.000000 
0.000000 
0.000000 
0.000000 
0.000000 
0.000000 
0.000000 
0.000000 
0.000000 
0.000000 
0.000000 
0.000000 
0.000000 
0.000000 
0.000000 
0.000000 
0.000000 
0.330870 
0.669130 
0.000000 
0.000000 
0.000000 
0.000000 
0.000000 
0.000000 
0.000000 
0.000000 
0.000000 
0.000000 
0.000000 
0.000000 
0.000000 
0.000000 
0.000000 
0.000000 
0.000000 
0.000000 
0.000000 
0.000000 
0.000000 
0.000000 
0.000000 
0.000000 
0.000000 
0.000000 
0.000000 
0.000000 
0.000000 
0.000000 
0.000000 
0.449251 
0.351589 
0.199159 
0.000000 
0.000000 
0.000000 
0.000000 
0.000000 
0.000000 
0.000000 
0.000000 
0.000000 
0.000000 
0.000000 
0.000000 
0.000000 
0.000000 
0.000000 
0.000000 
0.000000 
0.000000 
0.000000 
0.000000 
0.000000 
0.000000 
0.000000 
0.000000 
0.000000 
0.000000 
0.000000 
0.000000 
0.000000 
0.000000 
0.409579 
0.170580 
0.179940 
0.239902 
0.000000 
0.000000 
0.000000 
0.000000 
0.000000 
0.000000 
0.000000 
0.000000 
0.000000 
0.000000 
0.000000 
0.000000 
0.000000 
0.000000 
0.000000 
0.000000 
0.000000 
0.000000 
0.000000 
0.000000 
0.000000 
0.000000 
0.000000 
0.000000 
0.000000 
0.000000 
0.000000 
0.000000 
0.000000 
0.055575 
0.086268 
0.690854 
0.099845 
0.067459 
0.000000 
0.000000 
0.000000 
0.000000 
0.000000 
0.000000 
0.000000 
0.000000 
0.000000 
0.000000 
0.000000 
0.000000 
0.000000 
0.000000 
0.000000 
0.000000 
0.000000 
0.000000 
0.000000 
0.000000 
0.000000 
0.000000 
0.000000 
0.000000 
0.000000 
0.000000 
0.000000 
0.000000 
0.036253 
0.363484 
0.074413 
0.030741 
0.007005 
0.488105 
0.000000 
0.000000 
0.000000 
0.000000 
0.000000 
0.000000 
0.000000 
0.000000 
0.000000 
0.000000 
0.000000 
0.000000 
0.000000 
0.000000 
0.000000 
0.000000 
0.000000 
0.000000 
0.000000 
0.000000 
0.000000 
0.000000 
0.000000 
0.000000 
0.000000 
0.000000 
0.000000 
0.295047 
0.136759 
0.264171 
0.020501 
0.038580 
0.197989 
0.046952 
0.000000 
0.000000 
0.000000 
0.000000 
0.000000 
0.000000 
0.000000 
0.000000 
0.000000 
0.000000 
0.000000 
0.000000 
0.000000 
0.000000 
0.000000 
0.000000 
0.000000 
0.000000 
0.000000 
0.000000 
0.000000 
0.000000 
0.000000 
0.000000 
0.000000 
0.000000 
0.137314 
0.132079 
0.035779 
0.117482 
0.159976 
0.058356 
0.156781 
0.202234 
0.000000 
0.000000 
0.000000 
0.000000 
0.000000 
0.000000 
0.000000 
0.000000 
0.000000 
0.000000 
0.000000 
0.000000 
0.000000 
0.000000 
0.000000 
0.000000 
0.000000 
0.000000 
0.000000 
0.000000 
0.000000 
0.000000 
0.000000 
0.000000 
0.000000 
0.281216 
0.009598 
0.195407 
0.187866 
0.030770 
0.016818 
0.181180 
0.024145 
0.072999 
0.000000 
0.000000 
0.000000 
0.000000 
0.000000 
0.000000 
0.000000 
0.000000 
0.000000 
0.000000 
0.000000 
0.000000 
0.000000 
0.000000 
0.000000 
0.000000 
0.000000 
0.000000 
0.000000 
0.000000 
0.000000 
0.000000 
0.000000 
0.000000 
0.347906 
0.033050 
0.103189 
0.146318 
0.164902 
0.024354 
0.048882 
0.059716 
0.038204 
0.033479 
0.000000 
0.000000 
0.000000 
0.000000 
0.000000 
0.000000 
0.000000 
0.000000 
0.000000 
0.000000 
0.000000 
0.000000 
0.000000 
0.000000 
0.000000 
0.000000 
0.000000 
0.000000 
0.000000 
0.000000 
0.000000 
0.000000 
0.000000 
0.068354 
0.060348 
0.017325 
0.049494 
0.014591 
0.525140 
0.023082 
0.013520 
0.081345 
0.127349 
0.019451 
0.000000 
0.000000 
0.000000 
0.000000 
0.000000 
0.000000 
0.000000 
0.000000 
0.000000 
0.000000 
0.000000 
0.000000 
0.000000 
0.000000 
0.000000 
0.000000 
0.000000 
0.000000 
0.000000 
0.000000 
0.000000 
0.000000 
0.032073 
0.069234 
0.021788 
0.135051 
0.030909 
0.196058 
0.049973 
0.020984 
0.010860 
0.035294 
0.371768 
0.026007 
0.000000 
0.000000 
0.000000 
0.000000 
0.000000 
0.000000 
0.000000 
0.000000 
0.000000 
0.000000 
0.000000 
0.000000 
0.000000 
0.000000 
0.000000 
0.000000 
0.000000 
0.000000 
0.000000 
0.000000 
0.000000 
0.137655 
0.061626 
0.134461 
0.053835 
0.047802 
0.101874 
0.019200 
0.146126 
0.023885 
0.075884 
0.034554 
0.130414 
0.032683 
0.000000 
0.000000 
0.000000 
0.000000 
0.000000 
0.000000 
0.000000 
0.000000 
0.000000 
0.000000 
0.000000 
0.000000 
0.000000 
0.000000 
0.000000 
0.000000 
0.000000 
0.000000 
0.000000 
0.000000 
0.044064 
0.110532 
0.117472 
0.042769 
0.202538 
0.006764 
0.054365 
0.042627 
0.038351 
0.053726 
0.027095 
0.172368 
0.075918 
0.011409 
0.000000 
0.000000 
0.000000 
0.000000 
0.000000 
0.000000 
0.000000 
0.000000 
0.000000 
0.000000 
0.000000 
0.000000 
0.000000 
0.000000 
0.000000 
0.000000 
0.000000 
0.000000 
0.000000 
0.009113 
0.053508 
0.015396 
0.075641 
0.084453 
0.146641 
0.014163 
0.300458 
0.032494 
0.016481 
0.159633 
0.027847 
0.016568 
0.043189 
0.004414 
0.000000 
0.000000 
0.000000 
0.000000 
0.000000 
0.000000 
0.000000 
0.000000 
0.000000 
0.000000 
0.000000 
0.000000 
0.000000 
0.000000 
0.000000 
0.000000 
0.000000 
0.000000 
0.053335 
0.012772 
0.052850 
0.141388 
0.022446 
0.025200 
0.054827 
0.089723 
0.016626 
0.141641 
0.016262 
0.018397 
0.050086 
0.173847 
0.024232 
0.106367 
0.000000 
0.000000 
0.000000 
0.000000 
0.000000 
0.000000 
0.000000 
0.000000 
0.000000 
0.000000 
0.000000 
0.000000 
0.000000 
0.000000 
0.000000 
0.000000 
0.000000 
0.019477 
0.071496 
0.076322 
0.008970 
0.055989 
0.022377 
0.004129 
0.240241 
0.054130 
0.187375 
0.076475 
0.003582 
0.015785 
0.025402 
0.095731 
0.015806 
0.026713 
0.000000 
0.000000 
0.000000 
0.000000 
0.000000 
0.000000 
0.000000 
0.000000 
0.000000 
0.000000 
0.000000 
0.000000 
0.000000 
0.000000 
0.000000 
0.000000 
0.038139 
0.010952 
0.028443 
0.026167 
0.016674 
0.056232 
0.053296 
0.005446 
0.024539 
0.118197 
0.025887 
0.155748 
0.060127 
0.106555 
0.037829 
0.010569 
0.109001 
0.116198 
0.000000 
0.000000 
0.000000 
0.000000 
0.000000 
0.000000 
0.000000 
0.000000 
0.000000 
0.000000 
0.000000 
0.000000 
0.000000 
0.000000 
0.000000 
0.068685 
0.031046 
0.003235 
0.004821 
0.010574 
0.404060 
0.038751 
0.030548 
0.030413 
0.079421 
0.014570 
0.021298 
0.018501 
0.065519 
0.003829 
0.018291 
0.072133 
0.012884 
0.071420 
0.000000 
0.000000 
0.000000 
0.000000 
0.000000 
0.000000 
0.000000 
0.000000 
0.000000 
0.000000 
0.000000 
0.000000 
0.000000 
0.000000 
0.030855 
0.028507 
0.210315 
0.073017 
0.068333 
0.010890 
0.019263 
0.011340 
0.029343 
0.027025 
0.046552 
0.018764 
0.017679 
0.008646 
0.095982 
0.014027 
0.014925 
0.014389 
0.186689 
0.073459 
0.000000 
0.000000 
0.000000 
0.000000 
0.000000 
0.000000 
0.000000 
0.000000 
0.000000 
0.000000 
0.000000 
0.000000 
0.000000 
0.130208 
0.083139 
0.014609 
0.040897 
0.024268 
0.158394 
0.064479 
0.010371 
0.028447 
0.028244 
0.016067 
0.012873 
0.020048 
0.040810 
0.090565 
0.066163 
0.011105 
0.051110 
0.028857 
0.050620 
0.028726 
0.000000 
0.000000 
0.000000 
0.000000 
0.000000 
0.000000 
0.000000 
0.000000 
0.000000 
0.000000 
0.000000 
0.000000 
0.018811 
0.006363 
0.007648 
0.009996 
0.042834 
0.251540 
0.011314 
0.209010 
0.008602 
0.037596 
0.030801 
0.032550 
0.013864 
0.049496 
0.037061 
0.022296 
0.030667 
0.023017 
0.016315 
0.024026 
0.013449 
0.102744 
0.000000 
0.000000 
0.000000 
0.000000 
0.000000 
0.000000 
0.000000 
0.000000 
0.000000 
0.000000 
0.000000 
0.020875 
0.258888 
0.065794 
0.009962 
0.006913 
0.021162 
0.031097 
0.037633 
0.010184 
0.082247 
0.011952 
0.013524 
0.022686 
0.035843 
0.017255 
0.008513 
0.018681 
0.005399 
0.007851 
0.137614 
0.092634 
0.029276 
0.054017 
0.000000 
0.000000 
0.000000 
0.000000 
0.000000 
0.000000 
0.000000 
0.000000 
0.000000 
0.000000 
0.048210 
0.025174 
0.125755 
0.034107 
0.013794 
0.037262 
0.007100 
0.017510 
0.014168 
0.027695 
0.148095 
0.070930 
0.013850 
0.010258 
0.010725 
0.012967 
0.043279 
0.006069 
0.027667 
0.078247 
0.056326 
0.050389 
0.013495 
0.106927 
0.000000 
0.000000 
0.000000 
0.000000 
0.000000 
0.000000 
0.000000 
0.000000 
0.000000 
0.030979 
0.023374 
0.003030 
0.055853 
0.006584 
0.080162 
0.008524 
0.036674 
0.094262 
0.009487 
0.120644 
0.029215 
0.008057 
0.028741 
0.162850 
0.008905 
0.026758 
0.058333 
0.078609 
0.009185 
0.030215 
0.040292 
0.022867 
0.010563 
0.015834 
0.000000 
0.000000 
0.000000 
0.000000 
0.000000 
0.000000 
0.000000 
0.000000 
0.012310 
0.005247 
0.136144 
0.003161 
0.048190 
0.010633 
0.083217 
0.153246 
0.028007 
0.015150 
0.021351 
0.022689 
0.088853 
0.010736 
0.033748 
0.018395 
0.024072 
0.048025 
0.036570 
0.007497 
0.047243 
0.045323 
0.023134 
0.022793 
0.002393 
0.051877 
0.000000 
0.000000 
0.000000 
0.000000 
0.000000 
0.000000 
0.000000 
0.009759 
0.012123 
0.004229 
0.006738 
0.185472 
0.180896 
0.012744 
0.006235 
0.007674 
0.005718 
0.006345 
0.040789 
0.019085 
0.020131 
0.023013 
0.003743 
0.064860 
0.030504 
0.080048 
0.045330 
0.018721 
0.012947 
0.143990 
0.007794 
0.003636 
0.011417 
0.036060 
0.000000 
0.000000 
0.000000 
0.000000 
0.000000 
0.000000 
0.005431 
0.001521 
0.008150 
0.016490 
0.010916 
0.015445 
0.012792 
0.146700 
0.004021 
0.003917 
0.047597 
0.105722 
0.035769 
0.029821 
0.003264 
0.009837 
0.019372 
0.048132 
0.018185 
0.005491 
0.312549 
0.010994 
0.041090 
0.013142 
0.019056 
0.022109 
0.013369 
0.019117 
0.000000 
0.000000 
0.000000 
0.000000 
0.000000 
0.022717 
0.002276 
0.012945 
0.009438 
0.093594 
0.066190 
0.009084 
0.061010 
0.119448 
0.168691 
0.011993 
0.007359 
0.044225 
0.024498 
0.026019 
0.013902 
0.019257 
0.011217 
0.017941 
0.012641 
0.037447 
0.006350 
0.019967 
0.105959 
0.007025 
0.015017 
0.002789 
0.022090 
0.028914 
0.000000 
0.000000 
0.000000 
0.000000 
0.040174 
0.024699 
0.023498 
0.007451 
0.004781 
0.009084 
0.017151 
0.129526 
0.015819 
0.039351 
0.022636 
0.013990 
0.017359 
0.080268 
0.072455 
0.024410 
0.005603 
0.017610 
0.046603 
0.008287 
0.058538 
0.037098 
0.053568 
0.003140 
0.008754 
0.037439 
0.113645 
0.013321 
0.004683 
0.049060 
0.000000 
0.000000 
0.000000 
0.026879 
0.007076 
0.076692 
0.028944 
0.039281 
0.025465 
0.061738 
0.040634 
0.016095 
0.043962 
0.063425 
0.025203 
0.015671 
0.004972 
0.037241 
0.028384 
0.006534 
0.006456 
0.016873 
0.001420 
0.011634 
0.101749 
0.082398 
0.033901 
0.009834 
0.039828 
0.048186 
0.017655 
0.034678 
0.030159 
0.017030 
0.000000 
0.000000 
0.008245 
0.013609 
0.038581 
0.007449 
0.090886 
0.006560 
0.049590 
0.015442 
0.009443 
0.034682 
0.004093 
0.023169 
0.005123 
0.003666 
0.015013 
0.024071 
0.026687 
0.038394 
0.020421 
0.068945 
0.008385 
0.001894 
0.069427 
0.027586 
0.005744 
0.010805 
0.009277 
0.030856 
0.007223 
0.033365 
0.281128 
0.010242 
0.000000 
0.112839 
0.047670 
0.036243 
0.040430 
0.008791 
0.009432 
0.032462 
0.001975 
0.004139 
0.042076 
0.010478 
0.068380 
0.014752 
0.005124 
0.007255 
0.009724 
0.120878 
0.093117 
0.002386 
0.028466 
0.001976 
0.006993 
0.003155 
0.087413 
0.041484 
0.012764 
0.006507 
0.008033 
0.017299 
0.025723 
0.050459 
0.034130 
0.007444 
1.000000 
0.000000 
0.000000 
0.000000 
0.000000 
0.000000 
0.000000 
0.000000 
0.000000 
0.000000 
0.000000 
0.000000 
0.000000 
0.000000 
0.000000 
0.000000 
0.000000 
0.000000 
0.000000 
0.000000 
0.000000 
0.000000 
0.000000 
0.000000 
0.000000 
0.000000 
0.000000 
0.000000 
0.000000 
0.000000 
0.000000 
0.000000 
0.000000 
0.508905 
0.491095 
0.000000 
0.000000 
0.000000 
0.000000 
0.000000 
0.000000 
0.000000 
0.000000 
0.000000 
0.000000 
0.000000 
0.000000 
0.000000 
0.000000 
0.000000 
0.000000 
0.000000 
0.000000 
0.000000 
0.000000 
0.000000 
0.000000 
0.000000 
0.000000 
0.000000 
0.000000 
0.000000 
0.000000 
0.000000 
0.000000 
0.000000 
0.586890 
0.120363 
0.292746 
0.000000 
0.000000 
0.000000 
0.000000 
0.000000 
0.000000 
0.000000 
0.000000 
0.000000 
0.000000 
0.000000 
0.000000 
0.000000 
0.000000 
0.000000 
0.000000 
0.000000 
0.000000 
0.000000 
0.000000 
0.000000 
0.000000 
0.000000 
0.000000 
0.000000 
0.000000 
0.000000 
0.000000 
0.000000 
0.000000 
0.459433 
0.088401 
0.251765 
0.200401 
0.000000 
0.000000 
0.000000 
0.000000 
0.000000 
0.000000 
0.000000 
0.000000 
0.000000 
0.000000 
0.000000 
0.000000 
0.000000 
0.000000 
0.000000 
0.000000 
0.000000 
0.000000 
0.000000 
0.000000 
0.000000 
0.000000 
0.000000 
0.000000 
0.000000 
0.000000 
0.000000 
0.000000 
0.000000 
0.155636 
0.220548 
0.309415 
0.095096 
0.219304 
0.000000 
0.000000 
0.000000 
0.000000 
0.000000 
0.000000 
0.000000 
0.000000 
0.000000 
0.000000 
0.000000 
0.000000 
0.000000 
0.000000 
0.000000 
0.000000 
0.000000 
0.000000 
0.000000 
0.000000 
0.000000 
0.000000 
0.000000 
0.000000 
0.000000 
0.000000 
0.000000 
0.000000 
0.013552 
0.094950 
0.544405 
0.098275 
0.103133 
0.145685 
0.000000 
0.000000 
0.000000 
0.000000 
0.000000 
0.000000 
0.000000 
0.000000 
0.000000 
0.000000 
0.000000 
0.000000 
0.000000 
0.000000 
0.000000 
0.000000 
0.000000 
0.000000 
0.000000 
0.000000 
0.000000 
0.000000 
0.000000 
0.000000 
0.000000 
0.000000 
0.000000 
0.107366 
0.102648 
0.490478 
0.038683 
0.128687 
0.053413 
0.078724 
0.000000 
0.000000 
0.000000 
0.000000 
0.000000 
0.000000 
0.000000 
0.000000 
0.000000 
0.000000 
0.000000 
0.000000 
0.000000 
0.000000 
0.000000 
0.000000 
0.000000 
0.000000 
0.000000 
0.000000 
0.000000 
0.000000 
0.000000 
0.000000 
0.000000 
0.000000 
0.044939 
0.042097 
0.070585 
0.029190 
0.574317 
0.127221 
0.087253 
0.024399 
0.000000 
0.000000 
0.000000 
0.000000 
0.000000 
0.000000 
0.000000 
0.000000 
0.000000 
0.000000 
0.000000 
0.000000 
0.000000 
0.000000 
0.000000 
0.000000 
0.000000 
0.000000 
0.000000 
0.000000 
0.000000 
0.000000 
0.000000 
0.000000 
0.000000 
0.229136 
0.031866 
0.099669 
0.308005 
0.045878 
0.137070 
0.038922 
0.055343 
0.054112 
0.000000 
0.000000 
0.000000 
0.000000 
0.000000 
0.000000 
0.000000 
0.000000 
0.000000 
0.000000 
0.000000 
0.000000 
0.000000 
0.000000 
0.000000 
0.000000 
0.000000 
0.000000 
0.000000 
0.000000 
0.000000 
0.000000 
0.000000 
0.000000 
0.108909 
0.008124 
0.033860 
0.460953 
0.168530 
0.036033 
0.046170 
0.062213 
0.056024 
0.019182 
0.000000 
0.000000 
0.000000 
0.000000 
0.000000 
0.000000 
0.000000 
0.000000 
0.000000 
0.000000 
0.000000 
0.000000 
0.000000 
0.000000 
0.000000 
0.000000 
0.000000 
0.000000 
0.000000 
0.000000 
0.000000 
0.000000 
0.000000 
0.036792 
0.127571 
0.062565 
0.017424 
0.250914 
0.011050 
0.019279 
0.143114 
0.032455 
0.050290 
0.248546 
0.000000 
0.000000 
0.000000 
0.000000 
0.000000 
0.000000 
0.000000 
0.000000 
0.000000 
0.000000 
0.000000 
0.000000 
0.000000 
0.000000 
0.000000 
0.000000 
0.000000 
0.000000 
0.000000 
0.000000 
0.000000 
0.000000 
0.105963 
0.029620 
0.022892 
0.091091 
0.045790 
0.178763 
0.029520 
0.110038 
0.162987 
0.085094 
0.097538 
0.040703 
0.000000 
0.000000 
0.000000 
0.000000 
0.000000 
0.000000 
0.000000 
0.000000 
0.000000 
0.000000 
0.000000 
0.000000 
0.000000 
0.000000 
0.000000 
0.000000 
0.000000 
0.000000 
0.000000 
0.000000 
0.000000 
0.052957 
0.003468 
0.010513 
0.029311 
0.065641 
0.115377 
0.053665 
0.039350 
0.214853 
0.156149 
0.112241 
0.086183 
0.060292 
0.000000 
0.000000 
0.000000 
0.000000 
0.000000 
0.000000 
0.000000 
0.000000 
0.000000 
0.000000 
0.000000 
0.000000 
0.000000 
0.000000 
0.000000 
0.000000 
0.000000 
0.000000 
0.000000 
0.000000 
0.038022 
0.036785 
0.068878 
0.236632 
0.063235 
0.046552 
0.032182 
0.161602 
0.020189 
0.007606 
0.068128 
0.040592 
0.088616 
0.090980 
0.000000 
0.000000 
0.000000 
0.000000 
0.000000 
0.000000 
0.000000 
0.000000 
0.000000 
0.000000 
0.000000 
0.000000 
0.000000 
0.000000 
0.000000 
0.000000 
0.000000 
0.000000 
0.000000 
0.071149 
0.094307 
0.129236 
0.042053 
0.041432 
0.145338 
0.023053 
0.010668 
0.104670 
0.070575 
0.121101 
0.028124 
0.055126 
0.041321 
0.021846 
0.000000 
0.000000 
0.000000 
0.000000 
0.000000 
0.000000 
0.000000 
0.000000 
0.000000 
0.000000 
0.000000 
0.000000 
0.000000 
0.000000 
0.000000 
0.000000 
0.000000 
0.000000 
0.016880 
0.180526 
0.063332 
0.020835 
0.029378 
0.029785 
0.013812 
0.108066 
0.008358 
0.141558 
0.073381 
0.036159 
0.180834 
0.019018 
0.066205 
0.011873 
0.000000 
0.000000 
0.000000 
0.000000 
0.000000 
0.000000 
0.000000 
0.000000 
0.000000 
0.000000 
0.000000 
0.000000 
0.000000 
0.000000 
0.000000 
0.000000 
0.000000 
0.154597 
0.075062 
0.017243 
0.044665 
0.012239 
0.010538 
0.088134 
0.002387 
0.070613 
0.043686 
0.152357 
0.017529 
0.037811 
0.005048 
0.096440 
0.150598 
0.021053 
0.000000 
0.000000 
0.000000 
0.000000 
0.000000 
0.000000 
0.000000 
0.000000 
0.000000 
0.000000 
0.000000 
0.000000 
0.000000 
0.000000 
0.000000 
0.000000 
0.008552 
0.011134 
0.274855 
0.012598 
0.119957 
0.006629 
0.072569 
0.284415 
0.017926 
0.019721 
0.028156 
0.011372 
0.008810 
0.009513 
0.061168 
0.030368 
0.003371 
0.018884 
0.000000 
0.000000 
0.000000 
0.000000 
0.000000 
0.000000 
0.000000 
0.000000 
0.000000 
0.000000 
0.000000 
0.000000 
0.000000 
0.000000 
0.000000 
0.063698 
0.047780 
0.063278 
0.021624 
0.022595 
0.029335 
0.118577 
0.167779 
0.045560 
0.009483 
0.092675 
0.026559 
0.032088 
0.041311 
0.061530 
0.022672 
0.057039 
0.006347 
0.070071 
0.000000 
0.000000 
0.000000 
0.000000 
0.000000 
0.000000 
0.000000 
0.000000 
0.000000 
0.000000 
0.000000 
0.000000 
0.000000 
0.000000 
0.014489 
0.030638 
0.105888 
0.088389 
0.050675 
0.061726 
0.019816 
0.019987 
0.074039 
0.014787 
0.248402 
0.047187 
0.016116 
0.008545 
0.037715 
0.023292 
0.031921 
0.024270 
0.041143 
0.040975 
0.000000 
0.000000 
0.000000 
0.000000 
0.000000 
0.000000 
0.000000 
0.000000 
0.000000 
0.000000 
0.000000 
0.000000 
0.000000 
0.007950 
0.020236 
0.019000 
0.025279 
0.005737 
0.106741 
0.016207 
0.029027 
0.009760 
0.005657 
0.038154 
0.019007 
0.012799 
0.307542 
0.018452 
0.019607 
0.251367 
0.008349 
0.045328 
0.021160 
0.012642 
0.000000 
0.000000 
0.000000 
0.000000 
0.000000 
0.000000 
0.000000 
0.000000 
0.000000 
0.000000 
0.000000 
0.000000 
0.115583 
0.054755 
0.103545 
0.088911 
0.080661 
0.009933 
0.117239 
0.052540 
0.004018 
0.018514 
0.001403 
0.018137 
0.005452 
0.018941 
0.021605 
0.050234 
0.007723 
0.002298 
0.007381 
0.037608 
0.158351 
0.025168 
0.000000 
0.000000 
0.000000 
0.000000 
0.000000 
0.000000 
0.000000 
0.000000 
0.000000 
0.000000 
0.000000 
0.014871 
0.031773 
0.039997 
0.005150 
0.023725 
0.048904 
0.044375 
0.013476 
0.012856 
0.029092 
0.112255 
0.090142 
0.012753 
0.026073 
0.051729 
0.076453 
0.028667 
0.062597 
0.075604 
0.018218 
0.029860 
0.133160 
0.018271 
0.000000 
0.000000 
0.000000 
0.000000 
0.000000 
0.000000 
0.000000 
0.000000 
0.000000 
0.000000 
0.084880 
0.023798 
0.016087 
0.020717 
0.021129 
0.088734 
0.018951 
0.005101 
0.003692 
0.015701 
0.013458 
0.099996 
0.056163 
0.301975 
0.013717 
0.005002 
0.041092 
0.029496 
0.027383 
0.014007 
0.022985 
0.020855 
0.010462 
0.044618 
0.000000 
0.000000 
0.000000 
0.000000 
0.000000 
0.000000 
0.000000 
0.000000 
0.000000 
0.010820 
0.017510 
0.031929 
0.013795 
0.009310 
0.008755 
0.065011 
0.056048 
0.004880 
0.020889 
0.011346 
0.047747 
0.011122 
0.021608 
0.011170 
0.002664 
0.020363 
0.020409 
0.008989 
0.037506 
0.239979 
0.003366 
0.022592 
0.057999 
0.244191 
0.000000 
0.000000 
0.000000 
0.000000 
0.000000 
0.000000 
0.000000 
0.000000 
0.004751 
0.008032 
0.054093 
0.002445 
0.014211 
0.056389 
0.054976 
0.046440 
0.055502 
0.011074 
0.008700 
0.124243 
0.027588 
0.128291 
0.013962 
0.051014 
0.077704 
0.017338 
0.030300 
0.046652 
0.049707 
0.022131 
0.010716 
0.025495 
0.007677 
0.050567 
0.000000 
0.000000 
0.000000 
0.000000 
0.000000 
0.000000 
0.000000 
0.005435 
0.007689 
0.110078 
0.058563 
0.052981 
0.021920 
0.017035 
0.031192 
0.048659 
0.009072 
0.037516 
0.008718 
0.038363 
0.020051 
0.028784 
0.036819 
0.009101 
0.007561 
0.006281 
0.003030 
0.031495 
0.028443 
0.276553 
0.051932 
0.007174 
0.021843 
0.023711 
0.000000 
0.000000 
0.000000 
0.000000 
0.000000 
0.000000 
0.038079 
0.014101 
0.028143 
0.024341 
0.045260 
0.078930 
0.084733 
0.030665 
0.047389 
0.027783 
0.003636 
0.037542 
0.039749 
0.059189 
0.009767 
0.017552 
0.032012 
0.055287 
0.052855 
0.003822 
0.028116 
0.057875 
0.018637 
0.031512 
0.033527 
0.016643 
0.073352 
0.009505 
0.000000 
0.000000 
0.000000 
0.000000 
0.000000 
0.007941 
0.029932 
0.002367 
0.004575 
0.078407 
0.091166 
0.010480 
0.019747 
0.004389 
0.044233 
0.034967 
0.042858 
0.107628 
0.057529 
0.059984 
0.012406 
0.023949 
0.011012 
0.021217 
0.157677 
0.027742 
0.006819 
0.009030 
0.017908 
0.024764 
0.021933 
0.008378 
0.047004 
0.013960 
0.000000 
0.000000 
0.000000 
0.000000 
0.012600 
0.011878 
0.027028 
0.005087 
0.008385 
0.125959 
0.044957 
0.028887 
0.004552 
0.052219 
0.019045 
0.019297 
0.011196 
0.067040 
0.008447 
0.054677 
0.064538 
0.037045 
0.014636 
0.081856 
0.015270 
0.029805 
0.016455 
0.040835 
0.085125 
0.009880 
0.017609 
0.012161 
0.035186 
0.038344 
0.000000 
0.000000 
0.000000 
0.021704 
0.014306 
0.010668 
0.053481 
0.048971 
0.011840 
0.008183 
0.121301 
0.109095 
0.008573 
0.083881 
0.032504 
0.012895 
0.012271 
0.042743 
0.031462 
0.026785 
0.013592 
0.045203 
0.010302 
0.022109 
0.047700 
0.023198 
0.021715 
0.041879 
0.027304 
0.016558 
0.025091 
0.002632 
0.020368 
0.031687 
0.000000 
0.000000 
0.013891 
0.022133 
0.005265 
0.024956 
0.177941 
0.041825 
0.038027 
0.076872 
0.003688 
0.019599 
0.034870 
0.027721 
0.004455 
0.095667 
0.006276 
0.012581 
0.007587 
0.002063 
0.014010 
0.012020 
0.165689 
0.013499 
0.057875 
0.011449 
0.009000 
0.017270 
0.001784 
0.008420 
0.030614 
0.008417 
0.006446 
0.028087 
0.000000 
0.077924 
0.010620 
0.010357 
0.023798 
0.069573 
0.011255 
0.004070 
0.015934 
0.025795 
0.009271 
0.055071 
0.009922 
0.067518 
0.025697 
0.023738 
0.008569 
0.027878 
0.049562 
0.006694 
0.064617 
0.039714 
0.007411 
0.049722 
0.001865 
0.028469 
0.015756 
0.102463 
0.006514 
0.003847 
0.060891 
0.048953 
0.032289 
0.004243 
1.000000 
0.000000 
0.000000 
0.000000 
0.000000 
0.000000 
0.000000 
0.000000 
0.000000 
0.000000 
0.000000 
0.000000 
0.000000 
0.000000 
0.000000 
0.000000 
0.000000 
0.000000 
0.000000 
0.000000 
0.000000 
0.000000 
0.000000 
0.000000 
0.000000 
0.000000 
0.000000 
0.000000 
0.000000 
0.000000 
0.000000 
0.000000 
0.000000 
0.562815 
0.437185 
0.000000 
0.000000 
0.000000 
0.000000 
0.000000 
0.000000 
0.000000 
0.000000 
0.000000 
0.000000 
0.000000 
0.000000 
0.000000 
0.000000 
0.000000 
0.000000 
0.000000 
0.000000 
0.000000 
0.000000 
0.000000 
0.000000 
0.000000 
0.000000 
0.000000 
0.000000 
0.000000 
0.000000 
0.000000 
0.000000 
0.000000 
0.385768 
0.473466 
0.140766 
0.000000 
0.000000 
0.000000 
0.000000 
0.000000 
0.000000 
0.000000 
0.000000 
0.000000 
0.000000 
0.000000 
0.000000 
0.000000 
0.000000 
0.000000 
0.000000 
0.000000 
0.000000 
0.000000 
0.000000 
0.000000 
0.000000 
0.000000 
0.000000 
0.000000 
0.000000 
0.000000 
0.000000 
0.000000 
0.000000 
0.517356 
0.134780 
0.104021 
0.243842 
0.000000 
0.000000 
0.000000 
0.000000 
0.000000 
0.000000 
0.000000 
0.000000 
0.000000 
0.000000 
0.000000 
0.000000 
0.000000 
0.000000 
0.000000 
0.000000 
0.000000 
0.000000 
0.000000 
0.000000 
0.000000 
0.000000 
0.000000 
0.000000 
0.000000 
0.000000 
0.000000 
0.000000 
0.000000 
0.400384 
0.016287 
0.203283 
0.204472 
0.175573 
0.000000 
0.000000 
0.000000 
0.000000 
0.000000 
0.000000 
0.000000 
0.000000 
0.000000 
0.000000 
0.000000 
0.000000 
0.000000 
0.000000 
0.000000 
0.000000 
0.000000 
0.000000 
0.000000 
0.000000 
0.000000 
0.000000 
0.000000 
0.000000 
0.000000 
0.000000 
0.000000 
0.000000 
0.309085 
0.106242 
0.038703 
0.300092 
0.101220 
0.144658 
0.000000 
0.000000 
0.000000 
0.000000 
0.000000 
0.000000 
0.000000 
0.000000 
0.000000 
0.000000 
0.000000 
0.000000 
0.000000 
0.000000 
0.000000 
0.000000 
0.000000 
0.000000 
0.000000 
0.000000 
0.000000 
0.000000 
0.000000 
0.000000 
0.000000 
0.000000 
0.000000 
0.011195 
0.231180 
0.036045 
0.242995 
0.097351 
0.227830 
0.153404 
0.000000 
0.000000 
0.000000 
0.000000 
0.000000 
0.000000 
0.000000 
0.000000 
0.000000 
0.000000 
0.000000 
0.000000 
0.000000 
0.000000 
0.000000 
0.000000 
0.000000 
0.000000 
0.000000 
0.000000 
0.000000 
0.000000 
0.000000 
0.000000 
0.000000 
0.000000 
0.051144 
0.159141 
0.103501 
0.107422 
0.033505 
0.078572 
0.024281 
0.442433 
0.000000 
0.000000 
0.000000 
0.000000 
0.000000 
0.000000 
0.000000 
0.000000 
0.000000 
0.000000 
0.000000 
0.000000 
0.000000 
0.000000 
0.000000 
0.000000 
0.000000 
0.000000 
0.000000 
0.000000 
0.000000 
0.000000 
0.000000 
0.000000 
0.000000 
0.059724 
0.225051 
0.308038 
0.079920 
0.098811 
0.146196 
0.017774 
0.046240 
0.018245 
0.000000 
0.000000 
0.000000 
0.000000 
0.000000 
0.000000 
0.000000 
0.000000 
0.000000 
0.000000 
0.000000 
0.000000 
0.000000 
0.000000 
0.000000 
0.000000 
0.000000 
0.000000 
0.000000 
0.000000 
0.000000 
0.000000 
0.000000 
0.000000 
0.125203 
0.160668 
0.034054 
0.059836 
0.019291 
0.154568 
0.160642 
0.152671 
0.043787 
0.089279 
0.000000 
0.000000 
0.000000 
0.000000 
0.000000 
0.000000 
0.000000 
0.000000 
0.000000 
0.000000 
0.000000 
0.000000 
0.000000 
0.000000 
0.000000 
0.000000 
0.000000 
0.000000 
0.000000 
0.000000 
0.000000 
0.000000 
0.000000 
0.037175 
0.021931 
0.103530 
0.400039 
0.007306 
0.141929 
0.179678 
0.047297 
0.006194 
0.026372 
0.028550 
0.000000 
0.000000 
0.000000 
0.000000 
0.000000 
0.000000 
0.000000 
0.000000 
0.000000 
0.000000 
0.000000 
0.000000 
0.000000 
0.000000 
0.000000 
0.000000 
0.000000 
0.000000 
0.000000 
0.000000 
0.000000 
0.000000 
0.160979 
0.077800 
0.016628 
0.058588 
0.080647 
0.091958 
0.051673 
0.234660 
0.118477 
0.040939 
0.040695 
0.026955 
0.000000 
0.000000 
0.000000 
0.000000 
0.000000 
0.000000 
0.000000 
0.000000 
0.000000 
0.000000 
0.000000 
0.000000 
0.000000 
0.000000 
0.000000 
0.000000 
0.000000 
0.000000 
0.000000 
0.000000 
0.000000 
0.021004 
0.252684 
0.076636 
0.021605 
0.050816 
0.015350 
0.031458 
0.007826 
0.036213 
0.390426 
0.029321 
0.038451 
0.028211 
0.000000 
0.000000 
0.000000 
0.000000 
0.000000 
0.000000 
0.000000 
0.000000 
0.000000 
0.000000 
0.000000 
0.000000 
0.000000 
0.000000 
0.000000 
0.000000 
0.000000 
0.000000 
0.000000 
0.000000 
0.009525 
0.025379 
0.032847 
0.036707 
0.055342 
0.022974 
0.009219 
0.162483 
0.055001 
0.091277 
0.043817 
0.024426 
0.037698 
0.393302 
0.000000 
0.000000 
0.000000 
0.000000 
0.000000 
0.000000 
0.000000 
0.000000 
0.000000 
0.000000 
0.000000 
0.000000 
0.000000 
0.000000 
0.000000 
0.000000 
0.000000 
0.000000 
0.000000 
0.068296 
0.029059 
0.095531 
0.005194 
0.021865 
0.066181 
0.046934 
0.025473 
0.271170 
0.061828 
0.079863 
0.038116 
0.025822 
0.078877 
0.085791 
0.000000 
0.000000 
0.000000 
0.000000 
0.000000 
0.000000 
0.000000 
0.000000 
0.000000 
0.000000 
0.000000 
0.000000 
0.000000 
0.000000 
0.000000 
0.000000 
0.000000 
0.000000 
0.015538 
0.007002 
0.114057 
0.079512 
0.049571 
0.062642 
0.068831 
0.040318 
0.078254 
0.150238 
0.020799 
0.042324 
0.125383 
0.015429 
0.110333 
0.019768 
0.000000 
0.000000 
0.000000 
0.000000 
0.000000 
0.000000 
0.000000 
0.000000 
0.000000 
0.000000 
0.000000 
0.000000 
0.000000 
0.000000 
0.000000 
0.000000 
0.000000 
0.017797 
0.046230 
0.027948 
0.025080 
0.103817 
0.014279 
0.008293 
0.075098 
0.025251 
0.111829 
0.026945 
0.121371 
0.009801 
0.011526 
0.342130 
0.015590 
0.017015 
0.000000 
0.000000 
0.000000 
0.000000 
0.000000 
0.000000 
0.000000 
0.000000 
0.000000 
0.000000 
0.000000 
0.000000 
0.000000 
0.000000 
0.000000 
0.000000 
0.118709 
0.026792 
0.057085 
0.010129 
0.022798 
0.100972 
0.086543 
0.038832 
0.015731 
0.020760 
0.130426 
0.020505 
0.090798 
0.010887 
0.098794 
0.068812 
0.053553 
0.027875 
0.000000 
0.000000 
0.000000 
0.000000 
0.000000 
0.000000 
0.000000 
0.000000 
0.000000 
0.000000 
0.000000 
0.000000 
0.000000 
0.000000 
0.000000 
0.023622 
0.057394 
0.048249 
0.009916 
0.070769 
0.177550 
0.019561 
0.057236 
0.008352 
0.028523 
0.108278 
0.005491 
0.012415 
0.025343 
0.054261 
0.072060 
0.096475 
0.028059 
0.096446 
0.000000 
0.000000 
0.000000 
0.000000 
0.000000 
0.000000 
0.000000 
0.000000 
0.000000 
0.000000 
0.000000 
0.000000 
0.000000 
0.000000 
0.257719 
0.029629 
0.008155 
0.108971 
0.028637 
0.011203 
0.019932 
0.044140 
0.018779 
0.005646 
0.012779 
0.083546 
0.040554 
0.009067 
0.027028 
0.063312 
0.148133 
0.028883 
0.044589 
0.009296 
0.000000 
0.000000 
0.000000 
0.000000 
0.000000 
0.000000 
0.000000 
0.000000 
0.000000 
0.000000 
0.000000 
0.000000 
0.000000 
0.030346 
0.026254 
0.039663 
0.056953 
0.084278 
0.101512 
0.025315 
0.045022 
0.045171 
0.005907 
0.030517 
0.020243 
0.026100 
0.022191 
0.042836 
0.109093 
0.088837 
0.044732 
0.022898 
0.025310 
0.106822 
0.000000 
0.000000 
0.000000 
0.000000 
0.000000 
0.000000 
0.000000 
0.000000 
0.000000 
0.000000 
0.000000 
0.000000 
0.020576 
0.011866 
0.037726 
0.069433 
0.127550 
0.035781 
0.158970 
0.034226 
0.006411 
0.009384 
0.021329 
0.129988 
0.078461 
0.067042 
0.030738 
0.038743 
0.047827 
0.012867 
0.024701 
0.008819 
0.008200 
0.019363 
0.000000 
0.000000 
0.000000 
0.000000 
0.000000 
0.000000 
0.000000 
0.000000 
0.000000 
0.000000 
0.000000 
0.067326 
0.021244 
0.028354 
0.034018 
0.026162 
0.026841 
0.041283 
0.007647 
0.063519 
0.034763 
0.031835 
0.022446 
0.074332 
0.007607 
0.029151 
0.038583 
0.030105 
0.012867 
0.088838 
0.040880 
0.020542 
0.047652 
0.204008 
0.000000 
0.000000 
0.000000 
0.000000 
0.000000 
0.000000 
0.000000 
0.000000 
0.000000 
0.000000 
0.077960 
0.080477 
0.036483 
0.029666 
0.015700 
0.020784 
0.031632 
0.006116 
0.016936 
0.010547 
0.015470 
0.015583 
0.079532 
0.076600 
0.028186 
0.008041 
0.076339 
0.015557 
0.058898 
0.012187 
0.192830 
0.082051 
0.006238 
0.006187 
0.000000 
0.000000 
0.000000 
0.000000 
0.000000 
0.000000 
0.000000 
0.000000 
0.000000 
0.022146 
0.012969 
0.117264 
0.129060 
0.019304 
0.009691 
0.013734 
0.011237 
0.036504 
0.014121 
0.028467 
0.007498 
0.006897 
0.148832 
0.123677 
0.043664 
0.044145 
0.021091 
0.041148 
0.036473 
0.047062 
0.006171 
0.010407 
0.002896 
0.045541 
0.000000 
0.000000 
0.000000 
0.000000 
0.000000 
0.000000 
0.000000 
0.000000 
0.054944 
0.010166 
0.014274 
0.113750 
0.016043 
0.080635 
0.056059 
0.128346 
0.017083 
0.013601 
0.014238 
0.010725 
0.004718 
0.117481 
0.034536 
0.019504 
0.019802 
0.041809 
0.032653 
0.006741 
0.097837 
0.016476 
0.017316 
0.014982 
0.020681 
0.025600 
0.000000 
0.000000 
0.000000 
0.000000 
0.000000 
0.000000 
0.000000 
0.019599 
0.079086 
0.028160 
0.007452 
0.069604 
0.012354 
0.005488 
0.027070 
0.021621 
0.034172 
0.006548 
0.008433 
0.028311 
0.140671 
0.043200 
0.053719 
0.023077 
0.019178 
0.058235 
0.038263 
0.135545 
0.010607 
0.015364 
0.018822 
0.041408 
0.018517 
0.035497 
0.000000 
0.000000 
0.000000 
0.000000 
0.000000 
0.000000 
0.001665 
0.256099 
0.013203 
0.025666 
0.002448 
0.045502 
0.001655 
0.031787 
0.018775 
0.008710 
0.001600 
0.048926 
0.007115 
0.026223 
0.007982 
0.012664 
0.016799 
0.026925 
0.155275 
0.113386 
0.009455 
0.006587 
0.005229 
0.017212 
0.016263 
0.015486 
0.003332 
0.104032 
0.000000 
0.000000 
0.000000 
0.000000 
0.000000 
0.024966 
0.013406 
0.065002 
0.019724 
0.020574 
0.067353 
0.026655 
0.003718 
0.014164 
0.108614 
0.003699 
0.005407 
0.052144 
0.017047 
0.017811 
0.012089 
0.191987 
0.029919 
0.006128 
0.019415 
0.018155 
0.032598 
0.037687 
0.061652 
0.006590 
0.060777 
0.020477 
0.031478 
0.010764 
0.000000 
0.000000 
0.000000 
0.000000 
0.052726 
0.007082 
0.018735 
0.012122 
0.064005 
0.102170 
0.014163 
0.005919 
0.011976 
0.013096 
0.002456 
0.135550 
0.026824 
0.017811 
0.009436 
0.012721 
0.020690 
0.015852 
0.020239 
0.033539 
0.004592 
0.038627 
0.025862 
0.078440 
0.042127 
0.013426 
0.049226 
0.023577 
0.058424 
0.068589 
0.000000 
0.000000 
0.000000 
0.013169 
0.038371 
0.016579 
0.026060 
0.018819 
0.035243 
0.030022 
0.007720 
0.006879 
0.066873 
0.103958 
0.035449 
0.013455 
0.097737 
0.043412 
0.066646 
0.003768 
0.019817 
0.005759 
0.007502 
0.017569 
0.007446 
0.017248 
0.100277 
0.004435 
0.030530 
0.017733 
0.048023 
0.064874 
0.017403 
0.017224 
0.000000 
0.000000 
0.009564 
0.053358 
0.014016 
0.040299 
0.031381 
0.067520 
0.027687 
0.076074 
0.006069 
0.010334 
0.013634 
0.027701 
0.005360 
0.012680 
0.026299 
0.007481 
0.034223 
0.020681 
0.023253 
0.015489 
0.064147 
0.007986 
0.020358 
0.055962 
0.008528 
0.002880 
0.010146 
0.024509 
0.025601 
0.016184 
0.054043 
0.186551 
0.000000 
0.028072 
0.014579 
0.021651 
0.037871 
0.017485 
0.028710 
0.010363 
0.035498 
0.033543 
0.012162 
0.002430 
0.015106 
0.008573 
0.014663 
0.031353 
0.011008 
0.027045 
0.001790 
0.004365 
0.003173 
0.059466 
0.036660 
0.123413 
0.033641 
0.085149 
0.026506 
0.006379 
0.021420 
0.030419 
0.024936 
0.012179 
0.024574 
0.155821 
0.068436
0.004316
